Frequency(Hz)	Mag_Ydd(dB)	Mag_Ydq(dB)	Mag_Yqd(dB)	Mag_Yqq(dB)	Phase_Ydd(deg)	Phase_Ydq(deg)	Phase_Yqd(deg)	Phase_Yqq(deg)
1.000000000000000000e+00	-6.754105473112412028e+01	-4.771620844059651745e+01	-4.771620844062202593e+01	-6.754105473151570038e+01	1.107668505142269488e+01	1.797729503489310332e+02	-2.270496510319868766e-01	1.107668505196850184e+01
1.500000000000000000e+00	-6.733312278999660805e+01	-4.771199112906030848e+01	-4.771199112906734285e+01	-6.733312279033174264e+01	1.634963574570391387e+01	1.796592590065821753e+02	-3.407409931947699144e-01	1.634963574815371956e+01
2.000000000000000000e+00	-6.705717267755933619e+01	-4.770608359164616274e+01	-4.770608359166225654e+01	-6.705717267788847380e+01	2.133567191722937295e+01	1.795453674838227869e+02	-4.546325160715877778e-01	2.133567191851084033e+01
2.500000000000000000e+00	-6.672535672454947075e+01	-4.769848252003096434e+01	-4.769848252002955746e+01	-6.672535672474809587e+01	2.598338499012271541e+01	1.794312084524596287e+02	-5.687915476677147808e-01	2.598338498899573068e+01
3.000000000000000000e+00	-6.635008726274990920e+01	-4.768918365063530018e+01	-4.768918365062730658e+01	-6.635008726263700396e+01	3.026628045002359357e+01	1.793167140649656517e+02	-6.832859350671809384e-01	3.026628045025620040e+01
3.500000000000000000e+00	-6.594292744481694513e+01	-4.767818175688367432e+01	-4.767818175685677318e+01	-6.594292744518446625e+01	3.417873772679151045e+01	1.792018158212568153e+02	-7.981841784602821122e-01	3.417873772848604119e+01
4.000000000000000000e+00	-6.551394262268988200e+01	-4.766547063979154331e+01	-4.766547063979012222e+01	-6.551394262237919008e+01	3.773059076839162174e+01	1.790864444336675660e+02	-9.135555660955207991e-01	3.773059076738751116e+01
4.500000000000000000e+00	-6.507144970798644579e+01	-4.765104311715563767e+01	-4.765104311714359397e+01	-6.507144970771692272e+01	4.094179490788059894e+01	1.789705296856813561e+02	-1.029470313995402453e+00	4.094179490774328656e+01
5.000000000000000000e+00	-6.462204175975786313e+01	-4.763489101014273785e+01	-4.763489101015098015e+01	-6.462204175968709308e+01	4.383798419505617971e+01	1.788540002892368648e+02	-1.145999710669921345e+00	4.383798419392311985e+01
5.500000000000000000e+00	-6.417076701061469635e+01	-4.761700512875509617e+01	-4.761700512876853963e+01	-6.417076701057658283e+01	4.644717295826464465e+01	1.787367837376984312e+02	-1.263216262264904355e+00	4.644717295972866111e+01
6.000000000000000000e+00	-6.372137163640282154e+01	-4.759737525490380250e+01	-4.759737525490962184e+01	-6.372137163646466718e+01	4.879752685159001402e+01	1.786188061525571129e+02	-1.381193847589360146e+00	4.879752684976211441e+01
6.500000000000000000e+00	-6.327654955648866064e+01	-4.757599012382691228e+01	-4.757599012380364911e+01	-6.327654955648922908e+01	5.091598981894705389e+01	1.784999921248570161e+02	-1.500007875044877315e+00	5.091598981873875118e+01
7.000000000000000000e+00	-6.283816956288820421e+01	-4.755283740303792683e+01	-4.755283740304704310e+01	-6.283816956290186795e+01	5.282753180643099711e+01	1.783802645519968451e+02	-1.619735448170505965e+00	5.282753180766167134e+01
7.500000000000000000e+00	-6.240746786154707593e+01	-4.752790366980765668e+01	-4.752790366980739378e+01	-6.240746786136796231e+01	5.455481423322240175e+01	1.782595444622367324e+02	-1.740455538012654513e+00	5.455481423339053038e+01
8.000000000000000000e+00	-6.198520425612799301e+01	-4.750117438566946504e+01	-4.750117438565185068e+01	-6.198520425590420757e+01	5.611811883004821055e+01	1.781377508380691097e+02	-1.862249162022515003e+00	5.611811882988899214e+01
8.500000000000000000e+00	-6.157178518134270462e+01	-4.747263386920255357e+01	-4.747263386915971495e+01	-6.157178518154182001e+01	5.753543102913419460e+01	1.780148004247037932e+02	-1.985199575105662584e+00	5.753543103130421343e+01
9.000000000000000000e+00	-6.116735867335545862e+01	-4.744226526593627824e+01	-4.744226526595946325e+01	-6.116735867349724032e+01	5.882260557156806868e+01	1.778906075327107601e+02	-2.109392467184167508e+00	5.882260557118234345e+01
9.500000000000000000e+00	-6.077188662050960488e+01	-4.741005051649521818e+01	-4.741005051647172053e+01	-6.077188662055850443e+01	5.999356846677022048e+01	1.777650838270836005e+02	-2.234916172695293302e+00	5.999356846744630900e+01
1.000000000000000000e+01	-6.038519914184149684e+01	-4.737597032097374949e+01	-4.737597032096022787e+01	-6.038519914195114779e+01	6.106052772255850414e+01	1.776381381055497570e+02	-2.361861894684246455e+00	6.106052772337802992e+01
1.050000000000000000e+01	-6.000703515778540265e+01	-4.734000410154514071e+01	-4.734000410152781058e+01	-6.000703515763463258e+01	6.203417705966394635e+01	1.775096760632793291e+02	-2.490323936883128031e+00	6.203417705953313543e+01
1.100000000000000000e+01	-5.963707243797504987e+01	-4.730212996167410466e+01	-4.730212996167129091e+01	-5.963707243793483315e+01	6.292388451968123064e+01	1.773796000439080558e+02	-2.620399956287252863e+00	6.292388452055576664e+01
1.150000000000000000e+01	-5.927494969467013419e+01	-4.726232464223108565e+01	-4.726232464224619179e+01	-5.927494969468347108e+01	6.373786241241680983e+01	1.772478087731532526e+02	-2.752191226854427963e+00	6.373786241205995395e+01
1.200000000000000000e+01	-5.892028270222093056e+01	-4.722056347452437564e+01	-4.722056347451847103e+01	-5.892028270217652164e+01	6.448331780374304856e+01	1.771141970769403997e+02	-2.885802922980448049e+00	6.448331780340338071e+01
1.250000000000000000e+01	-5.857267594710141623e+01	-4.717682032952373561e+01	-4.717682032951810811e+01	-5.857267594704917713e+01	6.516658423509535680e+01	1.769786555776901480e+02	-3.021344422395507934e+00	6.516658423466216732e+01
1.300000000000000000e+01	-5.823173095040307601e+01	-4.713106756410103060e+01	-4.713106756405625219e+01	-5.823173095047771142e+01	6.579323613967308404e+01	1.768410703709704137e+02	-3.158929628948281998e+00	6.579323613838967333e+01
1.350000000000000000e+01	-5.789705211571398280e+01	-4.708327596246419233e+01	-4.708327596247869451e+01	-5.789705211566096921e+01	6.636818772812169698e+01	1.767013226809202706e+02	-3.298677319159335486e+00	6.636818772878791606e+01
1.400000000000000000e+01	-5.756825074304912704e+01	-4.703341467431452827e+01	-4.703341467433389056e+01	-5.756825074302163614e+01	6.689577820108706874e+01	1.765592884851708675e+02	-3.440711515040104640e+00	6.689577820095900051e+01
1.450000000000000000e+01	-5.724494769056104104e+01	-4.698145114810859724e+01	-4.698145114809878464e+01	-5.724494769061038113e+01	6.737984502251117647e+01	1.764148381173068287e+02	-3.585161882689916979e+00	6.737984502175244472e+01
1.500000000000000000e+01	-5.692677503934213945e+01	-4.692735105964955267e+01	-4.692735105968665721e+01	-5.692677503929543548e+01	6.782378690613610672e+01	1.762678358361139885e+02	-3.732164163715370186e+00	6.782378690553386491e+01
1.550000000000000000e+01	-5.661337702814853401e+01	-4.687107823612577562e+01	-4.687107823610478619e+01	-5.661337702819054130e+01	6.823061792470552689e+01	1.761181393606428003e+02	-3.881860639437642924e+00	6.823061792457235697e+01
1.600000000000000000e+01	-5.630441045905171649e+01	-4.681259457400922486e+01	-4.681259457402770607e+01	-5.630441045913167386e+01	6.860301402347093358e+01	1.759655993683620352e+02	-4.034400631843716667e+00	6.860301402334877707e+01
1.650000000000000000e+01	-5.599954471847480875e+01	-4.675185995232929059e+01	-4.675185995232556024e+01	-5.599954471839897252e+01	6.894335301905550750e+01	1.758100589540259193e+02	-4.189941046032920724e+00	6.894335301845997321e+01
1.700000000000000000e+01	-5.569846152648334225e+01	-4.668883213885298744e+01	-4.668883213888398132e+01	-5.569846152648872817e+01	6.925374902490209195e+01	1.756513530422988651e+02	-4.348646957914223954e+00	6.925374902555013534e+01
1.750000000000000000e+01	-5.540085449473576062e+01	-4.662346669045309255e+01	-4.662346669044984537e+01	-5.540085449478687707e+01	6.953608211424331387e+01	1.754893077498805383e+02	-4.510692249929725506e+00	6.953608211370945469e+01
1.800000000000000000e+01	-5.510642855262393169e+01	-4.655571684602314519e+01	-4.655571684601323312e+01	-5.510642855256343609e+01	6.979202387494385107e+01	1.753237396953255995e+02	-4.676260304785452959e+00	6.979202387498806104e+01
1.850000000000000000e+01	-5.481489928545137502e+01	-4.648553341236336678e+01	-4.648553341239263403e+01	-5.481489928546639590e+01	7.002305946544331050e+01	1.751544552440546454e+02	-4.845544756043617340e+00	7.002305946601744324e+01
1.900000000000000000e+01	-5.452599221993268941e+01	-4.641286464171010806e+01	-4.641286464170356396e+01	-5.452599222003168222e+01	7.023050663668993820e+01	1.749812496912438746e+02	-5.018750308702895957e+00	7.023050663717471309e+01
1.950000000000000000e+01	-5.423944207629840264e+01	-4.633765610081346153e+01	-4.633765610080252628e+01	-5.423944207630682257e+01	7.041553214101753611e+01	1.748039063670493647e+02	-5.196093632904116966e+00	7.041553214124513715e+01
2.000000000000000000e+01	-5.395499200558145247e+01	-4.625985053078217391e+01	-4.625985053079197939e+01	-5.395499200561716435e+01	7.057916588022028748e+01	1.746221956592875983e+02	-5.377804340580976117e+00	7.057916587947381970e+01
2.050000000000000000e+01	-5.367239282459227212e+01	-4.617938769713725833e+01	-4.617938769716461422e+01	-5.367239282452840143e+01	7.072231308007633288e+01	1.744358739463817756e+02	-5.564126053705070518e+00	7.072231308075811285e+01
2.100000000000000000e+01	-5.339140225341468238e+01	-4.609620422899172354e+01	-4.609620422898846925e+01	-5.339140225343654578e+01	7.084576475182569766e+01	1.742446824262881080e+02	-5.755317573575440271e+00	7.084576475215864377e+01
2.150000000000000000e+01	-5.311178416458399454e+01	-4.601023344705404128e+01	-4.601023344702586826e+01	-5.311178416461522289e+01	7.095020662528931155e+01	1.740483458344798180e+02	-5.951654165553520670e+00	7.095020662526742683e+01
2.200000000000000000e+01	-5.283330784172530059e+01	-4.592140517914618414e+01	-4.592140517916023157e+01	-5.283330784189282525e+01	7.103622675432045241e+01	1.738465710313974739e+02	-6.153428968633559037e+00	7.103622675414284515e+01
2.250000000000000000e+01	-5.255574725426463090e+01	-4.582964556307598514e+01	-4.582964556309122628e+01	-5.255574725423490179e+01	7.110432192590039335e+01	1.736390454526197118e+02	-6.360954547558230310e+00	7.110432192579261823e+01
2.300000000000000000e+01	-5.227888034266822359e+01	-4.573487683460345465e+01	-4.573487683462438724e+01	-5.227888034267482453e+01	7.115490299229801963e+01	1.734254353969800775e+02	-6.574564602889650722e+00	7.115490299247781536e+01
2.350000000000000000e+01	-5.200248831977105368e+01	-4.563701710100498588e+01	-4.563701710100664855e+01	-5.200248831974710839e+01	7.118829923390971715e+01	1.732053841415075794e+02	-6.794615858568467281e+00	7.118829923392955550e+01
2.400000000000000000e+01	-5.172635498067759841e+01	-4.553598009773296695e+01	-4.553598009776422373e+01	-5.172635498067815263e+01	7.120476182081952743e+01	1.729785098518520101e+02	-7.021490147915007363e+00	7.120476182096412288e+01
2.450000000000000000e+01	-5.145026602431678953e+01	-4.543167492858394496e+01	-4.543167492855292267e+01	-5.145026602424417206e+01	7.120446644719143592e+01	1.727444032744734841e+02	-7.255596725600063301e+00	7.120446644746421327e+01
2.500000000000000000e+01	-5.117400838019995746e+01	-4.532400578610028674e+01	-4.532400578610705821e+01	-5.117400838020490994e+01	7.118751517688501451e+01	1.725026251721627943e+02	-7.497374827763731986e+00	7.118751517743793045e+01
2.550000000000000000e+01	-5.089736954274543024e+01	-4.521287165335245106e+01	-4.521287165337721348e+01	-5.089736954273490710e+01	7.115393753399655452e+01	1.722527034790668097e+02	-7.747296520745915238e+00	7.115393753409087196e+01
2.600000000000000000e+01	-5.062013690578784519e+01	-4.509816598373176078e+01	-4.509816598373802066e+01	-5.062013690579832570e+01	7.110369086346911160e+01	1.719941301319532272e+02	-8.005869868038498538e+00	7.110369086374063841e+01
2.650000000000000000e+01	-5.034209709825802292e+01	-4.497977635864705803e+01	-4.497977635864457824e+01	-5.034209709830975044e+01	7.103665996181807429e+01	1.717263575380676741e+02	-8.273642462019903832e+00	7.103665996195206844e+01
2.700000000000000000e+01	-5.006303531698068809e+01	-4.485758412156687314e+01	-4.485758412155079355e+01	-5.006303531704620013e+01	7.095265597244561206e+01	1.714487946314414728e+02	-8.551205368393555162e+00	7.095265597249142786e+01
2.750000000000000000e+01	-4.978273465383296070e+01	-4.473146398702643012e+01	-4.473146398701904047e+01	-4.978273465385322538e+01	7.085141453000420597e+01	1.711608024602914213e+02	-8.839197539387111391e+00	7.085141453025265434e+01
2.800000000000000000e+01	-4.950097541578281835e+01	-4.460128362361167831e+01	-4.460128362358477716e+01	-4.950097541580541360e+01	7.073259311861032472e+01	1.708616892395766342e+02	-9.138310760458786319e+00	7.073259311846746300e+01
2.850000000000000000e+01	-4.921753443477480516e+01	-4.446690320980326305e+01	-4.446690320980653155e+01	-4.921753443476085010e+01	7.059576759362661846e+01	1.705507047952089579e+02	-9.449295204784174729e+00	7.059576759370902721e+01
2.900000000000000000e+01	-4.893218436639975977e+01	-4.432817496225142406e+01	-4.432817496226547860e+01	-4.893218436638643709e+01	7.044042781439353007e+01	1.702270343136601127e+02	-9.772965686453957801e+00	7.044042781391581798e+01
2.950000000000000000e+01	-4.864469297511887902e+01	-4.418494263590471860e+01	-4.418494263586956805e+01	-4.864469297509769774e+01	7.026597229363913755e+01	1.698897912918206430e+02	-1.011020870837315044e+01	7.026597229362117503e+01
3.000000000000000000e+01	-4.835482240603198534e+01	-4.403704099604478728e+01	-4.403704099607121236e+01	-4.835482240609158566e+01	7.007170178288687623e+01	1.695380095741543869e+02	-1.046199042572775362e+01	7.007170178291089258e+01
3.050000000000000000e+01	-4.806232844310144259e+01	-4.388429526460229368e+01	-4.388429526461156627e+01	-4.806232844310898145e+01	6.985681165611501342e+01	1.691706343379085240e+02	-1.082936566214623930e+01	6.985681165625970834e+01
3.100000000000000000e+01	-4.776695975397849736e+01	-4.372652054054164950e+01	-4.372652054053869364e+01	-4.776695975400688354e+01	6.962038295677805877e+01	1.687865118620405838e+02	-1.121348813787779974e+01	6.962038295683606748e+01
3.150000000000000000e+01	-4.746845712685464491e+01	-4.356352120062761912e+01	-4.356352120060818578e+01	-4.746845712689628272e+01	6.936137193209302154e+01	1.683843779020192528e+02	-1.161562209786382383e+01	6.936137193244579180e+01
3.200000000000000000e+01	-4.716655270123196431e+01	-4.339509028425020176e+01	-4.339509028424395609e+01	-4.716655270128327260e+01	6.907859784308760709e+01	1.679628444390403956e+02	-1.203715556084617688e+01	6.907859784316188723e+01
3.250000000000000000e+01	-4.686096920255945264e+01	-4.322100887196783958e+01	-4.322100887197259311e+01	-4.686096920253730502e+01	6.877072880393058085e+01	1.675203845545121908e+02	-1.247961544544156176e+01	6.877072880372313080e+01
3.300000000000000000e+01	-4.655141919106876003e+01	-4.304104546951650434e+01	-4.304104546951305110e+01	-4.655141919111677851e+01	6.843626535788249043e+01	1.670553151208058864e+02	-1.294468487921002442e+01	6.843626535795425525e+01
3.350000000000000000e+01	-4.623760434244137230e+01	-4.285495541441147083e+01	-4.285495541442405454e+01	-4.623760434242731776e+01	6.807352144012342876e+01	1.665657769549222280e+02	-1.343422304509727994e+01	6.807352144012716622e+01
3.400000000000000000e+01	-4.591921478180296390e+01	-4.266248032933987844e+01	-4.266248032933614809e+01	-4.591921478179774851e+01	6.768060231109369340e+01	1.660497120106607554e+02	-1.395028798911030066e+01	6.768060231087511625e+01
3.450000000000000000e+01	-4.559592850545450204e+01	-4.246334765467857153e+01	-4.246334765467030081e+01	-4.559592850545779186e+01	6.725537897612420579e+01	1.655048371192906700e+02	-1.449516288077711579e+01	6.725537897629402551e+01
3.500000000000000000e+01	-4.526741093268097416e+01	-4.225727030512193494e+01	-4.225727030512957327e+01	-4.526741093272916316e+01	6.679545851210610863e+01	1.649286136878086495e+02	-1.507138631205198820e+01	6.679545851214939489e+01
3.550000000000000000e+01	-4.493331464888662197e+01	-4.204394651076849954e+01	-4.204394651076793110e+01	-4.493331464889198656e+01	6.629814961711630872e+01	1.643182126785636683e+02	-1.568178732140483689e+01	6.629814961710259524e+01
3.600000000000000000e+01	-4.459327942015727331e+01	-4.182305992444472764e+01	-4.182305992445456155e+01	-4.459327942016909674e+01	6.576042258781257033e+01	1.636704740533330664e+02	-1.632952594658973666e+01	6.576042258771630600e+01
3.650000000000000000e+01	-4.424693259088791564e+01	-4.159428010571269851e+01	-4.159428010573101631e+01	-4.424693259090783926e+01	6.517886278034349345e+01	1.629818597500383532e+02	-1.701814025001282360e+01	6.517886278050301030e+01
3.700000000000000000e+01	-4.389389001036590798e+01	-4.135726352927402871e+01	-4.135726352925628646e+01	-4.389389001035843307e+01	6.454961646625606875e+01	1.622483990865505064e+02	-1.775160091348353220e+01	6.454961646617680060e+01
3.750000000000000000e+01	-4.353375768799081413e+01	-4.111165531725353617e+01	-4.111165531724584099e+01	-4.353375768801179646e+01	6.386832781540452686e+01	1.614656253297006288e+02	-1.853437467023614360e+01	6.386832781547500559e+01
3.800000000000000000e+01	-4.316613444392953625e+01	-4.085709196192679826e+01	-4.085709196193258208e+01	-4.316613444392298504e+01	6.313006556754598364e+01	1.606285019827954841e+02	-1.937149801723825959e+01	6.313006556759169285e+01
3.850000000000000000e+01	-4.279061591166254175e+01	-4.059320539709965914e+01	-4.059320539709879938e+01	-4.279061591166860978e+01	6.232923777073862937e+01	1.597313371679477143e+02	-2.026866283205234609e+01	6.232923777082198313e+01
3.900000000000000000e+01	-4.240680037316644757e+01	-4.031962889706704090e+01	-4.031962889706760933e+01	-4.240680037316223405e+01	6.145949282232267308e+01	1.587676843391087687e+02	-2.123231566088823286e+01	6.145949282232849953e+01
4.000000000000000000e+01	-4.161273781895538093e+01	-3.974199942508248995e+01	-3.974199942508555949e+01	-4.161273781896472457e+01	5.948334245542180554e+01	1.566106489535029027e+02	-2.338935104651001495e+01	5.948334245526152841e+01
4.050000000000000000e+01	-4.120179315458695868e+01	-3.943731278063513912e+01	-3.943731278062679735e+01	-4.120179315458271674e+01	5.835931693107621498e+01	1.553994786782648987e+02	-2.460052132172118533e+01	5.835931693113882091e+01
4.100000000000000000e+01	-4.078119436549920351e+01	-3.912170714020456330e+01	-3.912170714020350459e+01	-4.078119436551152432e+01	5.713081327770528617e+01	1.540859236787819384e+02	-2.591407632131667071e+01	5.713081327767210382e+01
4.200000000000000000e+01	-3.991045415030237820e+01	-3.845727481909601408e+01	-3.845727481910390821e+01	-3.991045415030973942e+01	5.430972910362689987e+01	1.511007237021204332e+02	-2.889927629786949481e+01	5.430972910365036199e+01
4.250000000000000000e+01	-3.946040536131947363e+01	-3.810859644893574227e+01	-3.810859644895588616e+01	-3.946040536132029075e+01	5.268731714715902825e+01	1.493991090503808721e+02	-3.060089094957008271e+01	5.268731714710980896e+01
4.300000000000000000e+01	-3.900101434613616647e+01	-3.774942241249257080e+01	-3.774942241248831465e+01	-3.900101434614698803e+01	5.090035059819975771e+01	1.475347563529417982e+02	-3.246524364703341092e+01	5.090035059823363639e+01
4.400000000000000000e+01	-3.805768227522653291e+01	-3.700316551148584665e+01	-3.700316551147700039e+01	-3.805768227523719816e+01	4.674911503260430834e+01	1.432339547456294042e+02	-3.676604525435223536e+01	4.674911503264106472e+01
4.450000000000000000e+01	-3.757682597943347957e+01	-3.661921613323813318e+01	-3.661921613323450941e+01	-3.757682597942584124e+01	4.433713795729044449e+01	1.407496827745449082e+02	-3.925031722549714885e+01	4.433713795729251217e+01
4.500000000000000000e+01	-3.709314597529200341e+01	-3.623138712739138612e+01	-3.623138712738837341e+01	-3.709314597528950941e+01	4.166559407336457355e+01	1.380074302467085090e+02	-4.199256975328825092e+01	4.166559407331942566e+01
4.550000000000000000e+01	-3.661037833471582559e+01	-3.584343703917654977e+01	-3.584343703917278390e+01	-3.661037833469676173e+01	3.870626485177695741e+01	1.349789271860503561e+02	-4.502107281400815708e+01	3.870626485172466147e+01
4.600000000000000000e+01	-3.613356177827837712e+01	-3.546042636206219356e+01	-3.546042636205812215e+01	-3.613356177828001137e+01	3.543107630508529127e+01	1.316360503499399215e+02	-4.836394965006048352e+01	3.543107630509664574e+01
4.650000000000000000e+01	-3.566928096386389058e+01	-3.508896085461779535e+01	-3.508896085460268921e+01	-3.566928096386339320e+01	3.181432863851512494e+01	1.279530527660092503e+02	-5.204694723403196122e+01	3.181432863852679205e+01
4.750000000000000000e+01	-3.481331824500770722e+01	-3.441573823566622536e+01	-3.441573823567189550e+01	-3.481331824500182393e+01	2.348617948469657080e+01	1.194965399263764994e+02	-6.050346007358720613e+01	2.348617948466150551e+01
4.800000000000000000e+01	-3.444325871812135631e+01	-3.413564257914738675e+01	-3.413564257916559086e+01	-3.444325871811973627e+01	1.877043755346450737e+01	1.147185993181099093e+02	-6.528140068179547484e+01	1.877043755343063225e+01
4.900000000000000000e+01	-3.387993733409800967e+01	-3.374952994622893954e+01	-3.374952994622319125e+01	-3.387993733410340980e+01	8.371946863332146549e+00	1.041994780991128806e+02	-7.580052190090901831e+01	8.371946863307421438e+00
4.950000000000000000e+01	-3.370923490947215839e+01	-3.366610811360028777e+01	-3.366610811360438760e+01	-3.370923490946630352e+01	2.817716424008157805e+00	9.858674075747465793e+01	-8.141325924251684398e+01	2.817716423999991004e+00
5.050000000000000000e+01	-3.362387759144490218e+01	-3.375274984692618574e+01	-3.375274984692523361e+01	-3.362387759145281763e+01	-8.516124333515435296e+00	8.713932625345944416e+01	-9.286067374658716744e+01	-8.516124333515623590e+00
5.100000000000000000e+01	-3.370919426198050672e+01	-3.392281769356849708e+01	-3.392281769356928578e+01	-3.370919426197778535e+01	-1.407330060715243469e+01	8.152701655784474610e+01	-9.847298344219002786e+01	-1.407330060718632225e+01
5.150000000000000000e+01	-3.387189470264469549e+01	-3.416945812112209779e+01	-3.416945812112152936e+01	-3.387189470264772950e+01	-1.942149438961133967e+01	7.612474938937582181e+01	-1.038752506106353621e+02	-1.942149438957188679e+01
5.200000000000000000e+01	-3.410154487585754168e+01	-3.448225232469440016e+01	-3.448225232469275170e+01	-3.410154487586473948e+01	-2.448359363299883995e+01	7.100960659731026681e+01	-1.089903934026546892e+02	-2.448359363296351177e+01
5.300000000000000000e+01	-3.471270500262577485e+01	-3.525737148425909595e+01	-3.525737148426058098e+01	-3.471270500262254899e+01	-3.356889152784455632e+01	6.182119593458856599e+01	-1.181788040654632823e+02	-3.356889152794752107e+01
5.350000000000000000e+01	-3.507018292262297621e+01	-3.569569282791776743e+01	-3.569569282792107856e+01	-3.507018292263160220e+01	-3.756009872023440721e+01	5.777986458296896899e+01	-1.222201354169852721e+02	-3.756009872018722717e+01
5.450000000000000000e+01	-3.583873402153756160e+01	-3.662372679081695992e+01	-3.662372679081085636e+01	-3.583873402153603394e+01	-4.448388315654849379e+01	5.075856637919148540e+01	-1.292414336207317263e+02	-4.448388315653765801e+01
5.550000000000000000e+01	-3.663159457779378414e+01	-3.757321831475896801e+01	-3.757321831476978957e+01	-3.663159457777989303e+01	-5.015487797430510142e+01	4.499354143498001690e+01	-1.350064585650645483e+02	-5.015487797424906802e+01
5.600000000000000000e+01	-3.702519172912298728e+01	-3.804409274738172542e+01	-3.804409274737749058e+01	-3.702519172913972056e+01	-5.259008322830083415e+01	4.251256979157661675e+01	-1.374874302083082682e+02	-5.259008322823175519e+01
5.650000000000000000e+01	-3.741293024870736161e+01	-3.850843243830662743e+01	-3.850843243831950247e+01	-3.741293024870348205e+01	-5.479486406927274089e+01	4.026282585374825373e+01	-1.397371741463261685e+02	-5.479486406929998310e+01
5.700000000000000000e+01	-3.779292035964373753e+01	-3.896435924500749337e+01	-3.896435924500544701e+01	-3.779292035965299590e+01	-5.679426538673233438e+01	3.821924381119767133e+01	-1.417807561889197814e+02	-5.679426538669117974e+01
5.800000000000000000e+01	-3.852509924325482871e+01	-3.984646316351485495e+01	-3.984646316353011741e+01	-3.852509924324591850e+01	-6.026548836378505314e+01	3.466192637591331049e+01	-1.453380736240232523e+02	-6.026548836390925601e+01
5.900000000000000000e+01	-3.921666082123512354e+01	-4.068542428601156757e+01	-4.068542428602646766e+01	-3.921666082123341823e+01	-6.315765503654862556e+01	3.168656107166782832e+01	-1.483134389282731433e+02	-6.315765503663779157e+01
6.000000000000000000e+01	-3.986683778261776467e+01	-4.148055836808374863e+01	-4.148055836805299634e+01	-3.986683778261043187e+01	-6.559090268757017839e+01	2.917286719172158271e+01	-1.508271328082551577e+02	-6.559090268751072017e+01
6.050000000000000000e+01	-4.017680582606405437e+01	-4.186211391965676398e+01	-4.186211391967500361e+01	-4.017680582607552253e+01	-6.666527936170774638e+01	2.805925729665607804e+01	-1.519407427031791826e+02	-6.666527936171986823e+01
6.100000000000000000e+01	-4.047706436957402332e+01	-4.223337871553432876e+01	-4.223337871554703327e+01	-4.047706436955813558e+01	-6.765786850756674653e+01	2.702807341802473573e+01	-1.529719265820497469e+02	-6.765786850748148140e+01
6.200000000000000000e+01	-4.104979818014428616e+01	-4.294641823866405161e+01	-4.294641823862498597e+01	-4.104979818016546744e+01	-6.942988400711071506e+01	2.518072266849912211e+01	-1.548192773313228940e+02	-6.942988400704575724e+01
6.250000000000000000e+01	-4.132298848764577315e+01	-4.328892595104687757e+01	-4.328892595102976770e+01	-4.132298848764306598e+01	-7.022303934870674880e+01	2.435079739912329444e+01	-1.556492026009507867e+02	-7.022303934877206189e+01
6.350000000000000000e+01	-4.184483038172406566e+01	-4.394777505588925948e+01	-4.394777505591449085e+01	-4.184483038174732172e+01	-7.165212259410407114e+01	2.284989959976805451e+01	-1.571501004003090145e+02	-7.165212259420633245e+01
6.450000000000000000e+01	-4.233630759363778395e+01	-4.457414477748747572e+01	-4.457414477750650406e+01	-4.233630759363919793e+01	-7.290226617167002132e+01	2.153015343478807964e+01	-1.584698465652625146e+02	-7.290226617178319657e+01
6.500000000000000000e+01	-4.257150131148498673e+01	-4.487601181800440031e+01	-4.487601181795255201e+01	-4.257150131148502936e+01	-7.346987755832896028e+01	2.092853859354810453e+01	-1.590714614065309433e+02	-7.346987755824419253e+01
6.600000000000000000e+01	-4.302236590333427557e+01	-4.545871578258484647e+01	-4.545871578260438639e+01	-4.302236590334299393e+01	-7.450595281048188667e+01	1.982599213638847147e+01	-1.601740078636114220e+02	-7.450595281067774067e+01
6.700000000000000000e+01	-4.344912195993412496e+01	-4.601535098887566022e+01	-4.601535098887907793e+01	-4.344912195993441628e+01	-7.542717861249825262e+01	1.884026690991757391e+01	-1.611597330899088831e+02	-7.542717861253855460e+01
6.800000000000000000e+01	-4.385387700327025584e+01	-4.654808207096085226e+01	-4.654808207096994721e+01	-4.385387700329739857e+01	-7.625086435224345394e+01	1.795396717412308263e+01	-1.620460328259982248e+02	-7.625086435247932570e+01
6.850000000000000000e+01	-4.404860333826248109e+01	-4.680609993347105302e+01	-4.680609993349888498e+01	-4.404860333822058038e+01	-7.663064197956882140e+01	1.754356396607375501e+01	-1.624564360339821292e+02	-7.663064197952607515e+01
6.900000000000000000e+01	-4.423852299648122255e+01	-4.705885565770434198e+01	-4.705885565770604728e+01	-4.423852299648196862e+01	-7.699111282920360111e+01	1.715290873900625002e+01	-1.628470912613901191e+02	-7.699111282928544142e+01
7.000000000000000000e+01	-4.460475404952043732e+01	-4.754941821527680901e+01	-4.754941821526077206e+01	-4.460475404953982093e+01	-7.765950961966063915e+01	1.642542924706219054e+01	-1.635745707528513151e+02	-7.765950961972026789e+01
7.100000000000000000e+01	-4.495408591854229030e+01	-4.802133567396260361e+01	-4.802133567395063096e+01	-4.495408591851550284e+01	-7.826564692070741103e+01	1.576186401077066535e+01	-1.642381359891885779e+02	-7.826564692058389028e+01
7.200000000000000000e+01	-4.528787527234215560e+01	-4.847601281389216155e+01	-4.847601281392811501e+01	-4.528787527232579180e+01	-7.881752501081179219e+01	1.515414425382330244e+01	-1.648458557463833074e+02	-7.881752501062604210e+01
7.250000000000000000e+01	-4.544932643788213511e+01	-4.869728569434067822e+01	-4.869728569439111254e+01	-4.544932643788851578e+01	-7.907525949624496775e+01	1.486906340468513754e+01	-1.651309365953274266e+02	-7.907525949630500861e+01
7.350000000000000000e+01	-4.576204177107391047e+01	-4.912842807567719206e+01	-4.912842807568421222e+01	-4.576204177107289439e+01	-7.955801340856685044e+01	1.433272687138818036e+01	-1.656672731287851832e+02	-7.955801340857509274e+01
7.450000000000000000e+01	-4.606202458457098459e+01	-4.954525209688871712e+01	-4.954525209688456755e+01	-4.606202458455810245e+01	-8.000141629814312694e+01	1.383717213432614024e+01	-1.661628278658344300e+02	-8.000141629843047042e+01
7.550000000000000000e+01	-4.635020580703994852e+01	-4.994873040495982508e+01	-4.994873040494525185e+01	-4.635020580704158988e+01	-8.040993105962594711e+01	1.337787978602375638e+01	-1.666221202139251432e+02	-8.040993105977825905e+01
7.600000000000000000e+01	-4.649013649904266288e+01	-5.014574318627248317e+01	-5.014574318626149818e+01	-4.649013649904781431e+01	-8.060232309585722987e+01	1.316059745090853284e+01	-1.668394025489051558e+02	-8.060232309593575906e+01
7.700000000000000000e+01	-4.676216426658479008e+01	-5.053082656193925715e+01	-5.053082656197453559e+01	-4.676216426657555303e+01	-8.096551276526840013e+01	1.274859198761231127e+01	-1.672514080126160252e+02	-8.096551276513244488e+01
7.800000000000000000e+01	-4.702434162663941208e+01	-5.090461280500952768e+01	-5.090461280500953478e+01	-4.702434162663590200e+01	-8.130241932410589811e+01	1.236411503689033076e+01	-1.676358849630036616e+02	-8.130241932397130711e+01
7.900000000000000000e+01	-4.727732388876114555e+01	-5.126779362992854772e+01	-5.126779362997346823e+01	-4.727732388870690272e+01	-8.161570660198705696e+01	1.200445573385548492e+01	-1.679955442664683289e+02	-8.161570660198358951e+01
7.950000000000000000e+01	-4.740055517450598899e+01	-5.144560633238337743e+01	-5.144560633238272374e+01	-4.740055517451763478e+01	-8.176423074219870557e+01	1.183318091153911134e+01	-1.681668190884923320e+02	-8.176423074229367671e+01
8.050000000000000000e+01	-4.764084507583454808e+01	-5.179404463759639299e+01	-5.179404463761477473e+01	-4.764084507583343964e+01	-8.204635250300258065e+01	1.150640155126588127e+01	-1.684935984488887755e+02	-8.204635250301656413e+01
8.200000000000000000e+01	-4.798679884466939427e+01	-5.229974652253968515e+01	-5.229974652265592994e+01	-4.798679884463111023e+01	-8.243568049578169621e+01	1.105211978499641035e+01	-1.689478802155576602e+02	-8.243568049571545941e+01
8.250000000000000000e+01	-4.809848958213041215e+01	-5.246404267317431902e+01	-5.246404267319101677e+01	-4.809848958212390357e+01	-8.255725533782296566e+01	1.090941610569462306e+01	-1.690905838942091748e+02	-8.255725533789754422e+01
8.300000000000000000e+01	-4.820845715066069914e+01	-5.262630009497107864e+01	-5.262630009495860861e+01	-4.820845715068604420e+01	-8.267503858562049857e+01	1.077075740221025413e+01	-1.692292425978300514e+02	-8.267503858578061227e+01
8.450000000000000000e+01	-4.852851879499971233e+01	-5.310137510148565809e+01	-5.310137510150862994e+01	-4.852851879497345067e+01	-8.300728312541741616e+01	1.037736201755679133e+01	-1.696226379824128969e+02	-8.300728312551288468e+01
8.550000000000000000e+01	-4.873415526106738582e+01	-5.340884300866961354e+01	-5.340884300871252321e+01	-4.873415526109050688e+01	-8.321267768474768900e+01	1.013238688571985335e+01	-1.698676131141793633e+02	-8.321267768451926372e+01
8.600000000000000000e+01	-4.883478132267632077e+01	-5.355994203284026867e+01	-5.355994203290448752e+01	-4.883478132270167293e+01	-8.331094773514305984e+01	1.001467018460980007e+01	-1.699853298158051587e+02	-8.331094773521563468e+01
8.700000000000000000e+01	-4.903184771092742267e+01	-5.385708570354665881e+01	-5.385708570352709046e+01	-4.903184771094836236e+01	-8.349923421827193692e+01	9.788158009712018881e+00	-1.702118419905060875e+02	-8.349923421802313328e+01
8.850000000000000000e+01	-4.931753384471712565e+01	-5.429076506914335454e+01	-5.429076506905390431e+01	-4.931753384471175394e+01	-8.376264803837176487e+01	9.469018344156697964e+00	-1.705309816555481746e+02	-8.376264803840028605e+01
8.900000000000000000e+01	-4.941025628919203427e+01	-5.443226520201591256e+01	-5.443226520203901941e+01	-4.941025628922538004e+01	-8.384577504529462999e+01	9.367731673317360119e+00	-1.706322683270995242e+02	-8.384577504536457582e+01
9.000000000000000000e+01	-4.959213271181024396e+01	-5.471088528388145278e+01	-5.471088528369676851e+01	-4.959213271184593452e+01	-8.400554431563084279e+01	9.172245804963996108e+00	-1.708277541950186276e+02	-8.400554431552262713e+01
9.150000000000000000e+01	-4.985646543596953251e+01	-5.511834843158525388e+01	-5.511834843155547503e+01	-4.985646543601931313e+01	-8.423017273933436400e+01	8.895500107769553466e+00	-1.711044998910506081e+02	-8.423017273921085746e+01
9.200000000000000000e+01	-4.994242445060755387e+01	-5.525149969724375154e+01	-5.525149969721776699e+01	-4.994242445061806279e+01	-8.430133228967106618e+01	8.807344209889143016e+00	-1.711926557900144132e+02	-8.430133228970450432e+01
9.250000000000000000e+01	-5.002735055025790700e+01	-5.538336374376535076e+01	-5.538336374370936710e+01	-5.002735055026028022e+01	-8.437074456703032865e+01	8.721118560305372469e+00	-1.712788814399692114e+02	-8.437074456656765165e+01
9.400000000000000000e+01	-5.027617214143910473e+01	-5.577150031136405772e+01	-5.577150031135282404e+01	-5.027617214146162183e+01	-8.456910359739096350e+01	8.473388177157854528e+00	-1.715266118225340790e+02	-8.456910359776591690e+01
9.500000000000000000e+01	-5.043731612686651999e+01	-5.602429811573451701e+01	-5.602429811571410312e+01	-5.043731612687311383e+01	-8.469367029958856108e+01	8.316769860431984185e+00	-1.716832301391767146e+02	-8.469367029968758231e+01
9.550000000000000000e+01	-5.051653115355681223e+01	-5.614898085400189132e+01	-5.614898085387048354e+01	-5.051653115356722168e+01	-8.475380663146840732e+01	8.240858408039709815e+00	-1.717591415919282269e+02	-8.475380663123161185e+01
9.700000000000000000e+01	-5.074898659927454503e+01	-5.651643218977189065e+01	-5.651643218965701720e+01	-5.074898659925005262e+01	-8.492618737344675139e+01	8.022124149082937805e+00	-1.719778758516326889e+02	-8.492618737294846198e+01
9.800000000000000000e+01	-5.089981831083323982e+01	-5.675611233050568671e+01	-5.675611233047782633e+01	-5.089981831082375408e+01	-8.503484523190516597e+01	7.883349110186588682e+00	-1.721166508900317638e+02	-8.503484523199240641e+01
9.850000000000000000e+01	-5.097404539976658100e+01	-5.687442595700593984e+01	-5.687442595707678805e+01	-5.097404539972058046e+01	-8.508741435891317906e+01	7.815949793825701875e+00	-1.721840502057509923e+02	-8.508741435890857474e+01
1.005000000000000000e+02	-5.126340863989584307e+01	-5.733793638066855891e+01	-5.733793638056915398e+01	-5.126340863983710960e+01	-8.528679227301385879e+01	7.558720946314342548e+00	-1.724412790542882306e+02	-8.528679227275485175e+01
1.010000000000000000e+02	-5.133393977445923184e+01	-5.745146542712770099e+01	-5.745146542717485261e+01	-5.133393977447223477e+01	-8.533407660286317764e+01	7.497330457521258040e+00	-1.725026695414124731e+02	-8.533407660309559617e+01
1.020000000000000000e+02	-5.147293143384396075e+01	-5.767582100580937521e+01	-5.767582100572008130e+01	-5.147293143384985115e+01	-8.542578554380776268e+01	7.377822461778857033e+00	-1.726221775389456923e+02	-8.542578554344089525e+01
1.035000000000000000e+02	-5.167644345716099252e+01	-5.800582962494978290e+01	-5.800582962496739725e+01	-5.167644345711945419e+01	-8.555661201098338609e+01	7.206300701017450017e+00	-1.727936992988617533e+02	-8.555661201091669454e+01
1.040000000000000000e+02	-5.174300498446649499e+01	-5.811415146587058445e+01	-5.811415146581425972e+01	-5.174300498451947306e+01	-8.559852707982548736e+01	7.151080385627396119e+00	-1.728489196142780315e+02	-8.559852708003852229e+01
1.050000000000000000e+02	-5.187428655327139637e+01	-5.832835738154609828e+01	-5.832835738165055517e+01	-5.187428655330006677e+01	-8.567995940120964349e+01	7.043416244498573064e+00	-1.729565837543680686e+02	-8.567995940109091180e+01
1.065000000000000000e+02	-5.206677479844298517e+01	-5.864376940391476012e+01	-5.864376940406911842e+01	-5.206677479852710633e+01	-8.579644160199528358e+01	6.888506412625234887e+00	-1.731114935872250555e+02	-8.579644160223944027e+01
1.070000000000000000e+02	-5.212979822764442162e+01	-5.874738463414398382e+01	-5.874738463394636767e+01	-5.212979822766982352e+01	-8.583384008540562604e+01	6.838537221096559371e+00	-1.731614627789498115e+02	-8.583384008498566686e+01
1.085000000000000000e+02	-5.231559255557368715e+01	-5.905383065658461561e+01	-5.905383065635896855e+01	-5.231559255562574151e+01	-8.594201368460385027e+01	6.693343977828362767e+00	-1.733066560218809968e+02	-8.594201368457419221e+01
1.095000000000000000e+02	-5.243682102301519876e+01	-5.925457424190832967e+01	-5.925457424199501588e+01	-5.243682102298697600e+01	-8.601095256986356219e+01	6.600286638517826709e+00	-1.733997133619692477e+02	-8.601095256960364566e+01
1.100000000000000000e+02	-5.249667231536457734e+01	-5.935391229173407623e+01	-5.935391229169430005e+01	-5.249667231536789558e+01	-8.604451825830992107e+01	6.554825534684859178e+00	-1.734451744676054830e+02	-8.604451825881176319e+01
1.120000000000000000e+02	-5.273119098050295861e+01	-5.974461024533717080e+01	-5.974461024543418830e+01	-5.273119098047799014e+01	-8.617310799945654765e+01	6.379712178112178833e+00	-1.736202878219284571e+02	-8.617310799938198329e+01
1.125000000000000000e+02	-5.278863972315870967e+01	-5.984066971868698204e+01	-5.984066971847141048e+01	-5.278863972317196840e+01	-8.620390769655791985e+01	6.337539053848715298e+00	-1.736624609458789621e+02	-8.620390769678270715e+01
1.135000000000000000e+02	-5.290217432178853585e+01	-6.003091556066343770e+01	-6.003091556049114530e+01	-5.290217432175015233e+01	-8.626398219086276242e+01	6.255017176145234004e+00	-1.737449828239014380e+02	-8.626398219071174367e+01
1.150000000000000000e+02	-5.306917829899067129e+01	-6.031173302466286401e+01	-6.031173302456072349e+01	-5.306917829906539907e+01	-8.635046412494152435e+01	6.135593358023223587e+00	-1.738644066428564372e+02	-8.635046412502047986e+01
1.155000000000000000e+02	-5.312399479165178207e+01	-6.040415888913587139e+01	-6.040415888915784137e+01	-5.312399479173053862e+01	-8.637836948599277775e+01	6.096896782315162078e+00	-1.739031032173906226e+02	-8.637836948545580640e+01
1.170000000000000000e+02	-5.328598250678007275e+01	-6.067800898708820512e+01	-6.067800898712270197e+01	-5.328598250676829196e+01	-8.645946966815064627e+01	5.983974241639067770e+00	-1.740160257578804988e+02	-8.645946966806511114e+01
1.180000000000000000e+02	-5.339198570036836600e+01	-6.085779595272563114e+01	-6.085779595256930463e+01	-5.339198570045572012e+01	-8.651145640152336114e+01	5.911220352816919821e+00	-1.740887796467980877e+02	-8.651145640207482757e+01
1.190000000000000000e+02	-5.349645403424472079e+01	-6.103542753768901719e+01	-6.103542753751482763e+01	-5.349645403420798573e+01	-8.656186677225991843e+01	5.840390520916966643e+00	-1.741596094795580143e+02	-8.656186677222370918e+01
1.205000000000000000e+02	-5.365037796282841498e+01	-6.129795539208770805e+01	-6.129795539216776490e+01	-5.365037796292570249e+01	-8.663467910996487831e+01	5.737582016303774068e+00	-1.742624179822122699e+02	-8.663467910950285500e+01
1.210000000000000000e+02	-5.370096669219145014e+01	-6.138444619813280667e+01	-6.138444619805059688e+01	-5.370096669217284102e+01	-8.665823520242922484e+01	5.704191836488004874e+00	-1.742958081641419881e+02	-8.665823520251345258e+01
1.230000000000000000e+02	-5.389986238516210904e+01	-6.172548649565291612e+01	-6.172548649577561264e+01	-5.389986238509691674e+01	-8.674908969660219782e+01	5.574797436029197861e+00	-1.744252025642642820e+02	-8.674908969614172349e+01
1.235000000000000000e+02	-5.394874597260744764e+01	-6.180954622867125892e+01	-6.180954622864526016e+01	-5.394874597257931015e+01	-8.677099662018574122e+01	5.543449821884244955e+00	-1.744565501776876886e+02	-8.677099662054769169e+01
1.250000000000000000e+02	-5.409345458611126389e+01	-6.205893769855286735e+01	-6.205893769849591735e+01	-5.409345458605297097e+01	-8.683488872964652217e+01	5.451687045161186518e+00	-1.745483129549143939e+02	-8.683488872868893793e+01
1.260000000000000000e+02	-5.418835281464792786e+01	-6.222293102617126692e+01	-6.222293102598793979e+01	-5.418835281461097964e+01	-8.687602218163253553e+01	5.392340374374541057e+00	-1.746076596258716336e+02	-8.687602218148435895e+01
1.265000000000000000e+02	-5.423534248644212852e+01	-6.230426348987520413e+01	-6.230426348996275010e+01	-5.423534248648753220e+01	-8.689616841901901978e+01	5.363195089608352006e+00	-1.746368049092460240e+02	-8.689616841886901000e+01
1.285000000000000000e+02	-5.442033293546820971e+01	-6.262528485762257446e+01	-6.262528485743252560e+01	-5.442033293540180949e+01	-8.697408019427176384e+01	5.249984712326821956e+00	-1.747500152872915180e+02	-8.697408019343701824e+01
1.290000000000000000e+02	-5.446585798481046936e+01	-6.270448776454905726e+01	-6.270448776464298390e+01	-5.446585798489092412e+01	-8.699291626761501561e+01	5.222494336333628695e+00	-1.747775056633326756e+02	-8.699291626755918116e+01
1.305000000000000000e+02	-5.460075865929374572e+01	-6.293964650131349714e+01	-6.293964650142468997e+01	-5.460075865922654259e+01	-8.704796369308553494e+01	5.141880336967003196e+00	-1.748581196651070115e+02	-8.704796369328005312e+01
1.315000000000000000e+02	-5.468933256491850869e+01	-6.309442268178742097e+01	-6.309442268192724157e+01	-5.468933256489728478e+01	-8.708349131004621313e+01	5.089631091244063654e+00	-1.749103689075365082e+02	-8.708349130955325279e+01
1.330000000000000000e+02	-5.482022164491991134e+01	-6.332367967602279890e+01	-6.332367967608848858e+01	-5.482022164497409733e+01	-8.713511484729555434e+01	5.013394713017156334e+00	-1.749866052862337824e+02	-8.713511484716430289e+01
1.340000000000000000e+02	-5.490620436163047202e+01	-6.347462819715492088e+01	-6.347462819728778527e+01	-5.490620436158391726e+01	-8.716846686047183823e+01	4.963939044944519985e+00	-1.750360609551034656e+02	-8.716846686052799953e+01
1.350000000000000000e+02	-5.499119477380185117e+01	-6.362410264119530723e+01	-6.362410264122409131e+01	-5.499119477385118415e+01	-8.720100442449512457e+01	4.915535437856113354e+00	-1.750844645625786029e+02	-8.720100442371547445e+01
1.365000000000000000e+02	-5.511687180391770369e+01	-6.384561784236015569e+01	-6.384561784261272521e+01	-5.511687180392065244e+01	-8.724834801589946665e+01	4.844826898120599523e+00	-1.751551731008435979e+02	-8.724834801719296706e+01
1.370000000000000000e+02	-5.515829331399992697e+01	-6.391875209612283726e+01	-6.391875209641415978e+01	-5.515829331399427815e+01	-8.726375315570868452e+01	4.821746679081378772e+00	-1.751782533211826660e+02	-8.726375315686122747e+01
1.390000000000000000e+02	-5.532169822058624220e+01	-6.420786381554580657e+01	-6.420786381560310474e+01	-5.532169822062094511e+01	-8.732358140883539477e+01	4.731768014639928133e+00	-1.752682319847648671e+02	-8.732358140884696240e+01
1.395000000000000000e+02	-5.536199232143117399e+01	-6.427930267822614496e+01	-6.427930267829336231e+01	-5.536199232151027871e+01	-8.733810603572715081e+01	4.709840311833631610e+00	-1.752901596876465362e+02	-8.733810603504862513e+01
1.415000000000000000e+02	-5.552101580417190974e+01	-6.456180138639028598e+01	-6.456180138605152763e+01	-5.552101580424612592e+01	-8.739456334415631034e+01	4.624291714717985613e+00	-1.753757082844202273e+02	-8.739456334325174680e+01
1.420000000000000000e+02	-5.556024550825923569e+01	-6.463162782629682113e+01	-6.463162782639896875e+01	-5.556024550837818765e+01	-8.740828130041192878e+01	4.603428442046375579e+00	-1.753965715556053624e+02	-8.740828130036310029e+01
1.435000000000000000e+02	-5.567670897713745148e+01	-6.483924067598987051e+01	-6.483924067650794143e+01	-5.567670897717440681e+01	-8.744852623990394136e+01	4.542045063988298992e+00	-1.754579549357344206e+02	-8.744852624119852180e+01
1.445000000000000000e+02	-5.575335218566044659e+01	-6.497612350799553838e+01	-6.497612350779574797e+01	-5.575335218563950690e+01	-8.747462378539970018e+01	4.502098008189539868e+00	-1.754979019937822784e+02	-8.747462378537677807e+01
1.460000000000000000e+02	-5.586686124641592244e+01	-6.517921649715043486e+01	-6.517921649701771969e+01	-5.586686124636511153e+01	-8.751271910526098452e+01	4.443582627039594612e+00	-1.755564173740825140e+02	-8.751271910455082548e+01
1.470000000000000000e+02	-5.594158747464962289e+01	-6.531315654925315073e+01	-6.531315654947653115e+01	-5.594158747461357706e+01	-8.753744162142275798e+01	4.405477261315964732e+00	-1.755945227401142859e+02	-8.753744162160133158e+01
1.480000000000000000e+02	-5.601557505042141827e+01	-6.544595733145996519e+01	-6.544595733176893759e+01	-5.601557505045019525e+01	-8.756164468954833069e+01	4.368071407546239904e+00	-1.756319285906340895e+02	-8.756164469009121376e+01
1.495000000000000000e+02	-5.612520482558431212e+01	-6.564306748936841984e+01	-6.564306748951936754e+01	-5.612520482559865087e+01	-8.759701095313710084e+01	4.313230702389302174e+00	-1.756867692976289277e+02	-8.759701095343245925e+01
1.505000000000000000e+02	-5.619741176389229054e+01	-6.577310937755987652e+01	-6.577310937724685402e+01	-5.619741176378578018e+01	-8.761998555238453434e+01	4.277487856051481963e+00	-1.757225121411371731e+02	-8.761998555210284678e+01
1.520000000000000000e+02	-5.630443822076607319e+01	-6.596617308363514098e+01	-6.596617308400244895e+01	-5.630443822076685478e+01	-8.765357994668200092e+01	4.225054700948878583e+00	-1.757749452962046348e+02	-8.765357994716913481e+01
1.530000000000000000e+02	-5.637495310440805696e+01	-6.609357662550584678e+01	-6.609357662547233758e+01	-5.637495310437374485e+01	-8.767541829562840405e+01	4.190861480513937032e+00	-1.758091385194063605e+02	-8.767541829646695817e+01
1.545000000000000000e+02	-5.647950410674668120e+01	-6.628276852034136368e+01	-6.628276852015204668e+01	-5.647950410692093470e+01	-8.770737222258034649e+01	4.140673765032388154e+00	-1.758593262324362172e+02	-8.770737222290701141e+01
1.550000000000000000e+02	-5.651403509800739755e+01	-6.634533096391615459e+01	-6.634533096405597519e+01	-5.651403509799497016e+01	-8.771781559788577454e+01	4.124230528203362667e+00	-1.758757694693673841e+02	-8.771781559878408530e+01
1.570000000000000000e+02	-5.665060309601422261e+01	-6.659312937480217442e+01	-6.659312937493520224e+01	-5.665060309593626187e+01	-8.775858978721556980e+01	4.059837306316027572e+00	-1.759401626918091779e+02	-8.775858978713657166e+01
1.575000000000000000e+02	-5.668436349553741138e+01	-6.665447637065143738e+01	-6.665447637071542886e+01	-5.668436349549914155e+01	-8.776854074305246911e+01	4.044074884349544874e+00	-1.759559251151291619e+02	-8.776854074253010651e+01
1.595000000000000000e+02	-5.681792146701908308e+01	-6.689751335321579973e+01	-6.689751335294384660e+01	-5.681792146701134527e+01	-8.780741557024749966e+01	3.982316852628092541e+00	-1.760176831469468652e+02	-8.780741556895445399e+01
1.600000000000000000e+02	-5.685094693032070978e+01	-6.695769443610291205e+01	-6.695769443640928387e+01	-5.685094693027244972e+01	-8.781690859659914850e+01	3.967191993291428798e+00	-1.760328080099583303e+02	-8.781690859726626286e+01
1.620000000000000000e+02	-5.698163249399108565e+01	-6.719616183547852017e+01	-6.719616183527402598e+01	-5.698163249413290998e+01	-8.785401560119237274e+01	3.907903643051675591e+00	-1.760920963566111652e+02	-8.785401560100849849e+01
1.625000000000000000e+02	-5.701395622179500577e+01	-6.725522344734736180e+01	-6.725522344732242175e+01	-5.701395622176370637e+01	-8.786308205326534448e+01	3.893376759902056783e+00	-1.761066232414976582e+02	-8.786308205295100038e+01
1.645000000000000000e+02	-5.714189762708262776e+01	-6.748930126113410211e+01	-6.748930126086497694e+01	-5.714189762713260023e+01	-8.789854091469453579e+01	3.836406504821038066e+00	-1.761635934952579703e+02	-8.789854091410526848e+01
1.650000000000000000e+02	-5.717355058462849371e+01	-6.754728700822367671e+01	-6.754728700803603658e+01	-5.717355058463208906e+01	-8.790720934430306954e+01	3.822441311568655742e+00	-1.761775586889138765e+02	-8.790720934460266278e+01
1.670000000000000000e+02	-5.729886754101012514e+01	-6.777714436436801293e+01	-6.777714436434713718e+01	-5.729886754105551461e+01	-8.794112918531676826e+01	3.767650022395812925e+00	-1.762323499755241869e+02	-8.794112918481502561e+01
1.680000000000000000e+02	-5.736076470341199496e+01	-6.789084386617852829e+01	-6.789084386636834267e+01	-5.736076470342806033e+01	-8.795765066175263769e+01	3.740878246301424959e+00	-1.762591217503893404e+02	-8.795765066225523299e+01
1.695000000000000000e+02	-5.745268307262431051e+01	-6.805989128452503678e+01	-6.805989128525399678e+01	-5.745268307245459738e+01	-8.798190616893833749e+01	3.701472930532204497e+00	-1.762985270725122291e+02	-8.798190616978740763e+01
1.705000000000000000e+02	-5.751335587422771312e+01	-6.817160572440981525e+01	-6.817160572459572165e+01	-5.751335587420845741e+01	-8.799773591730701128e+01	3.675690644290574571e+00	-1.763243093552166556e+02	-8.799773591691631225e+01
1.720000000000000000e+02	-5.760347605807367444e+01	-6.833773056702473525e+01	-6.833773056677762270e+01	-5.760347605819297456e+01	-8.802098696172448911e+01	3.637726668978411571e+00	-1.763622733315766311e+02	-8.802098696156681967e+01
1.730000000000000000e+02	-5.766297488443207442e+01	-6.844753231840547869e+01	-6.844753231852087083e+01	-5.766297488437076879e+01	-8.803616828057870691e+01	3.612877735886790287e+00	-1.763871222616066063e+02	-8.803616828185707277e+01
1.745000000000000000e+02	-5.775137008513696912e+01	-6.861084005648456241e+01	-6.861084005714326395e+01	-5.775137008511219960e+01	-8.805847709021256264e+01	3.576274179331236258e+00	-1.764237258192607953e+02	-8.805847708992486389e+01
1.760000000000000000e+02	-5.783876355899141686e+01	-6.877250571317684091e+01	-6.877250571337656027e+01	-5.783876355900797961e+01	-8.808024830528552229e+01	3.540450586264505706e+00	-1.764595494126375570e+02	-8.808024830498810331e+01
1.770000000000000000e+02	-5.789648116636314512e+01	-6.887938772041795232e+01	-6.887938772109144736e+01	-5.789648116622152685e+01	-8.809447348890931551e+01	3.516988763638118076e+00	-1.764830112356964378e+02	-8.809447349007429295e+01
1.785000000000000000e+02	-5.798225763702068036e+01	-6.903839307107885759e+01	-6.903839307156145821e+01	-5.798225763696584067e+01	-8.811539174330553692e+01	3.482408545824242641e+00	-1.765175914554736210e+02	-8.811539174379491612e+01
1.795000000000000000e+02	-5.803891834726454135e+01	-6.914353237752995085e+01	-6.914353237771091187e+01	-5.803891834716296216e+01	-8.812906535596135882e+01	3.459753120096796586e+00	-1.765402468804315106e+02	-8.812906535650874673e+01
1.815000000000000000e+02	-5.815101205179772137e+01	-6.935177923570334713e+01	-6.935177923594793015e+01	-5.815101205172708632e+01	-8.815578304623429062e+01	3.415367085598975283e+00	-1.765846329184943500e+02	-8.815578304605209325e+01
1.820000000000000000e+02	-5.817878425468155257e+01	-6.940342436814256644e+01	-6.940342436793361003e+01	-5.817878425457772096e+01	-8.816233489678384672e+01	3.404458481465376440e+00	-1.765955415210993351e+02	-8.816233489692007197e+01
1.840000000000000000e+02	-5.828889083556254747e+01	-6.960837203123173822e+01	-6.960837203116375349e+01	-5.828889083570659579e+01	-8.818804965006252417e+01	3.361552164801147935e+00	-1.766384478360693890e+02	-8.818804964963538850e+01
1.845000000000000000e+02	-5.831617559179824184e+01	-6.965920616344661198e+01	-6.965920616328696724e+01	-5.831617559190274847e+01	-8.819435800219419264e+01	3.351003826787401163e+00	-1.766489961702362450e+02	-8.819435800227790878e+01
1.865000000000000000e+02	-5.842436845021430258e+01	-6.986096331466933407e+01	-6.986096331447075158e+01	-5.842436845031596704e+01	-8.821912638287001585e+01	3.309501548671398119e+00	-1.766904984541178578e+02	-8.821912638234145732e+01
1.870000000000000000e+02	-5.845118358779185286e+01	-6.991101291634799964e+01	-6.991101291659194317e+01	-5.845118358777337875e+01	-8.822520483863287666e+01	3.299295219822810044e+00	-1.767007047811595726e+02	-8.822520483779128142e+01
1.890000000000000000e+02	-5.855753203954340336e+01	-7.010968275062951705e+01	-7.010968275090820612e+01	-5.855753203964062692e+01	-8.824907921510094866e+01	3.259126476984441467e+00	-1.767408735224968837e+02	-8.824907921472906480e+01
1.900000000000000000e+02	-5.861016815280618175e+01	-7.020811421768573268e+01	-7.020811421759820803e+01	-5.861016815269520919e+01	-8.826075950588561625e+01	3.239426889447724722e+00	-1.767605731171703951e+02	-8.826075950558563932e+01
1.915000000000000000e+02	-5.868846397937157633e+01	-7.035465356599488018e+01	-7.035465356577992679e+01	-5.868846397934045456e+01	-8.827796930191530578e+01	3.210344223702815913e+00	-1.767896557775361259e+02	-8.827796930151950505e+01
1.930000000000000000e+02	-5.876598455304124968e+01	-7.049988571608393784e+01	-7.049988571562087714e+01	-5.876598455307608049e+01	-8.829481702207623073e+01	3.181807071048750934e+00	-1.768181929258673222e+02	-8.829481702137954358e+01
1.940000000000000000e+02	-5.881724221978429767e+01	-7.059599297434044729e+01	-7.059599297426072440e+01	-5.881724221965548338e+01	-8.830585341123853027e+01	3.163077538793894750e+00	-1.768369224605710031e+02	-8.830585341052861281e+01
1.960000000000000000e+02	-5.891876389867156405e+01	-7.078652506220203122e+01	-7.078652506165012426e+01	-5.891876389873078779e+01	-8.832747198456748094e+01	3.126306719760123531e+00	-1.768736932808698157e+02	-8.832747198359295737e+01
1.965000000000000000e+02	-5.894394059915455131e+01	-7.083381257397805086e+01	-7.083381257452514035e+01	-5.894394059936711727e+01	-8.833278431556821886e+01	3.117254215887135249e+00	-1.768827457844325295e+02	-8.833278431612315273e+01
1.985000000000000000e+02	-5.904384897346381678e+01	-7.102160562468669980e+01	-7.102160562460534265e+01	-5.904384897367299345e+01	-8.835367585440401683e+01	3.081589220427302767e+00	-1.769184107754043964e+02	-8.835367585416919667e+01
1.990000000000000000e+02	-5.906862913087454103e+01	-7.106821871094939524e+01	-7.106821871145747593e+01	-5.906862913094894196e+01	-8.835881113369585194e+01	3.072806684470944294e+00	-1.769271933143440378e+02	-8.835881113455890556e+01
2.010000000000000000e+02	-5.916697763213193895e+01	-7.125335424035142751e+01	-7.125335424037592702e+01	-5.916697763231969276e+01	-8.837901251189030916e+01	3.038196544759831141e+00	-1.769618034554818564e+02	-8.837901251218524123e+01
2.025000000000000000e+02	-5.923994240924020716e+01	-7.139084490669850425e+01	-7.139084490722540011e+01	-5.923994240954943535e+01	-8.839381637859052887e+01	3.012771659919321721e+00	-1.769872283379311284e+02	-8.839381638002458885e+01
2.035000000000000000e+02	-5.928821364497449053e+01	-7.148186861671285897e+01	-7.148186861619359433e+01	-5.928821364494565671e+01	-8.840352525870272871e+01	2.996068516618155098e+00	-1.770039314811495217e+02	-8.840352525840887665e+01
2.055000000000000000e+02	-5.938388058880868670e+01	-7.166241431586658450e+01	-7.166241431584803934e+01	-5.938388058884008558e+01	-8.842256950716198105e+01	2.963238582274759558e+00	-1.770367614165037082e+02	-8.842256950752683053e+01
2.060000000000000000e+02	-5.940761763433424392e+01	-7.170724207241242709e+01	-7.170724207224506586e+01	-5.940761763437485854e+01	-8.842725453562906068e+01	2.955148675760906229e+00	-1.770448513273514095e+02	-8.842725453636965938e+01
2.080000000000000000e+02	-5.950186062469973081e+01	-7.188533944597338632e+01	-7.188533944700095901e+01	-5.950186062463580328e+01	-8.844569935578023490e+01	2.923246913016630533e+00	-1.770767530832886223e+02	-8.844569935580489073e+01
2.090000000000000000e+02	-5.954856516982057713e+01	-7.197366951816353264e+01	-7.197366951801440393e+01	-5.954856516988986925e+01	-8.845474856352448967e+01	2.907565147003734918e+00	-1.770924348496077130e+02	-8.845474856383160045e+01
2.105000000000000000e+02	-5.961811047233644700e+01	-7.210528140827138088e+01	-7.210528140855329582e+01	-5.961811047226454008e+01	-8.846811205502957876e+01	2.884370153083921640e+00	-1.771156298499520290e+02	-8.846811205525406763e+01
2.120000000000000000e+02	-5.968705198036482784e+01	-7.223584908328079734e+01	-7.223584908262752435e+01	-5.968705198007561563e+01	-8.848122951035053063e+01	2.861559336734224246e+00	-1.771384406652180417e+02	-8.848122950951362498e+01
2.130000000000000000e+02	-5.973268298257353592e+01	-7.232232258328343733e+01	-7.232232258383295687e+01	-5.973268298276443034e+01	-8.848984120424034927e+01	2.846560697454003641e+00	-1.771534392971142893e+02	-8.848984120514933238e+01
2.150000000000000000e+02	-5.982316725689615566e+01	-7.249392009022305672e+01	-7.249392009042668406e+01	-5.982316725688108505e+01	-8.850675361193026447e+01	2.817051380404160366e+00	-1.771829486266530012e+02	-8.850675361242608119e+01
2.155000000000000000e+02	-5.984562855805866377e+01	-7.253654187323267877e+01	-7.253654187297256328e+01	-5.984562855792339064e+01	-8.851091831945086597e+01	2.809773705883981787e+00	-1.771902262966632975e+02	-8.851091831849463176e+01
2.175000000000000000e+02	-5.993484602324853938e+01	-7.270593646721221148e+01	-7.270593646654582187e+01	-5.993484602333664668e+01	-8.852733048900137192e+01	2.781051750427848468e+00	-1.772189482518500370e+02	-8.852733048774643976e+01
2.190000000000000000e+02	-6.000111028504905164e+01	-7.283185148985094770e+01	-7.283185149006436632e+01	-6.000111028506584887e+01	-8.853938684720425556e+01	2.759909495338908059e+00	-1.772400905009378675e+02	-8.853938684853652319e+01
2.200000000000000000e+02	-6.004498287791210487e+01	-7.291526482907354989e+01	-7.291526482831660871e+01	-6.004498287774229937e+01	-8.854730729076582918e+01	2.746000112463462983e+00	-1.772539998932399214e+02	-8.854730729151005164e+01
2.220000000000000000e+02	-6.013201202560483694e+01	-7.308083939211466884e+01	-7.308083939232182047e+01	-6.013201202561664616e+01	-8.856287452746977351e+01	2.718615609944998734e+00	-1.772813843943947347e+02	-8.856287452626222034e+01
2.225000000000000000e+02	-6.015362212828534183e+01	-7.312197533948479133e+01	-7.312197533912838310e+01	-6.015362212826514110e+01	-8.856671049719591338e+01	2.711858256284493507e+00	-1.772881417429889268e+02	-8.856671049725720479e+01
2.245000000000000000e+02	-6.023948379013683052e+01	-7.328550425249218847e+01	-7.328550425149460068e+01	-6.023948379015028820e+01	-8.858183686791271327e+01	2.685175486076710527e+00	-1.773148245155529708e+02	-8.858183686837506343e+01
2.255000000000000000e+02	-6.028207192246138391e+01	-7.336666704570994568e+01	-7.336666704550263773e+01	-6.028207192254172497e+01	-8.858927218198908804e+01	2.672038235336553935e+00	-1.773279617622780222e+02	-8.858927218170722995e+01
2.270000000000000000e+02	-6.034553290409534299e+01	-7.348767059837977911e+01	-7.348767059810725755e+01	-6.034553290413109039e+01	-8.860026942842010556e+01	2.652581530172654745e+00	-1.773474184639369469e+02	-8.860026942769177083e+01
2.290000000000000000e+02	-6.042937426314239246e+01	-7.364764695941774164e+01	-7.364764695871591016e+01	-6.042937426328150963e+01	-8.861464913188976311e+01	2.627093560134653227e+00	-1.773729064415056769e+02	-8.861464913082268424e+01
2.295000000000000000e+02	-6.045019853486772377e+01	-7.368740112656219310e+01	-7.368740112693778599e+01	-6.045019853493325712e+01	-8.861819460989882202e+01	2.620801020372224510e+00	-1.773791989827865052e+02	-8.861819460930443881e+01
2.315000000000000000e+02	-6.053296020260158627e+01	-7.384547235246039065e+01	-7.384547235326967041e+01	-6.053296020236581398e+01	-8.863218368942719394e+01	2.595941377188593080e+00	-1.774040586264083288e+02	-8.863218369014761322e+01
2.330000000000000000e+02	-6.059447732037905610e+01	-7.396304605034416113e+01	-7.396304604974679364e+01	-6.059447732045720159e+01	-8.864247749762020590e+01	2.577616089678358424e+00	-1.774223839104900833e+02	-8.864247749832033207e+01
2.340000000000000000e+02	-6.063522908734213956e+01	-7.404096880805396097e+01	-7.404096880748733156e+01	-6.063522908732161198e+01	-8.864924807907397053e+01	2.565547920232706947e+00	-1.774344520821120170e+02	-8.864924807846148269e+01
2.360000000000000000e+02	-6.071611934957645218e+01	-7.419572701807369697e+01	-7.419572701890371036e+01	-6.071611934950527711e+01	-8.866257392881252031e+01	2.541760420321074854e+00	-1.774582395821882699e+02	-8.866257392852035935e+01
2.365000000000000000e+02	-6.073621571808273245e+01	-7.423419259289624961e+01	-7.423419259204044351e+01	-6.073621571804874009e+01	-8.866586138579883425e+01	2.535884959436703223e+00	-1.774641150387449215e+02	-8.866586138530932715e+01
2.385000000000000000e+02	-6.081610429016696173e+01	-7.438717178626151849e+01	-7.438717178577849154e+01	-6.081610428995752926e+01	-8.867883941570092077e+01	2.512662489156070489e+00	-1.774873375098533472e+02	-8.867883941731233222e+01
2.400000000000000000e+02	-6.087550615488498806e+01	-7.450099062023920737e+01	-7.450099061958886182e+01	-6.087550615486325256e+01	-8.868839638830145589e+01	2.495533256980522641e+00	-1.775044667467076067e+02	-8.868839638847641993e+01
2.410000000000000000e+02	-6.091486613977527043e+01	-7.457644001269012790e+01	-7.457644001254175237e+01	-6.091486613967633446e+01	-8.869468562671538336e+01	2.484247744251777412e+00	-1.775157522544708684e+02	-8.869468562653973720e+01
2.430000000000000000e+02	-6.099301591166103265e+01	-7.472632162403296263e+01	-7.472632162544398682e+01	-6.099301591167441927e+01	-8.870707174022965091e+01	2.461991341417755219e+00	-1.775380086615471953e+02	-8.870707173971500481e+01
2.440000000000000000e+02	-6.103180953537172115e+01	-7.480076012796776297e+01	-7.480076012694929943e+01	-6.103180953533428266e+01	-8.871317061401872195e+01	2.451017451027110550e+00	-1.775489825485161361e+02	-8.871317061353443023e+01
2.455000000000000000e+02	-6.108965367493155441e+01	-7.491179866273189702e+01	-7.491179866205085602e+01	-6.108965367477963326e+01	-8.872220391911066883e+01	2.434745406608000984e+00	-1.775652545933163822e+02	-8.872220391817378982e+01
2.475000000000000000e+02	-6.116614238651990831e+01	-7.505870996816982199e+01	-7.505870996799711747e+01	-6.116614238635730771e+01	-8.873403856805400380e+01	2.413394327211445312e+00	-1.775866056758262630e+02	-8.873403856701521875e+01
2.480000000000000000e+02	-6.118515234535142611e+01	-7.509523667309289863e+01	-7.509523667307858830e+01	-6.118515234533555258e+01	-8.873696053316285770e+01	2.408117009392980457e+00	-1.775918829884140280e+02	-8.873696053344957591e+01
2.500000000000000000e+02	-6.126074988825669720e+01	-7.524054986656832966e+01	-7.524054986747110263e+01	-6.126074988807557986e+01	-8.874850492942411506e+01	2.387244537036273151e+00	-1.776127554602628322e+02	-8.874850493027783216e+01
2.515000000000000000e+02	-6.131698964366606930e+01	-7.534871137551699860e+01	-7.534871137658201690e+01	-6.131698964364578330e+01	-8.875701558869810981e+01	2.371834257920805378e+00	-1.776281657405280328e+02	-8.875701558936781055e+01
2.525000000000000000e+02	-6.135426768485384486e+01	-7.542043218648515790e+01	-7.542043218594859866e+01	-6.135426768487470639e+01	-8.876262062584322621e+01	2.361674570803377726e+00	-1.776383254306965966e+02	-8.876262062620882887e+01
2.545000000000000000e+02	-6.142831485342196629e+01	-7.556295759532878265e+01	-7.556295759442689075e+01	-6.142831485369696765e+01	-8.877366937439593642e+01	2.341622848554905989e+00	-1.776583771383185422e+02	-8.877366937420462989e+01
2.555000000000000000e+02	-6.146508720280864679e+01	-7.563376754177022576e+01	-7.563376754266823809e+01	-6.146508720255469171e+01	-8.877911465849835793e+01	2.331728423765864644e+00	-1.776682715675666202e+02	-8.877911465975051897e+01
2.570000000000000000e+02	-6.151993611998687328e+01	-7.573942390244593525e+01	-7.573942390340698694e+01	-6.151993612011231249e+01	-8.878718588110437793e+01	2.317047757487774362e+00	-1.776829522414434450e+02	-8.878718588076723961e+01
2.590000000000000000e+02	-6.159249817142345762e+01	-7.587926988485983770e+01	-7.587926988428158381e+01	-6.159249817145723682e+01	-8.879777088292978249e+01	2.297768046314871082e+00	-1.777022319508481587e+02	-8.879777088207372060e+01
2.595000000000000000e+02	-6.161053818859703313e+01	-7.591404970508129679e+01	-7.591404970558193099e+01	-6.161053818869943655e+01	-8.880038619527836374e+01	2.292999787804699263e+00	-1.777070002119975811e+02	-8.880038619521360488e+01
2.615000000000000000e+02	-6.168230183050511073e+01	-7.605245157661894950e+01	-7.605245157667718559e+01	-6.168230183091105800e+01	-8.881072633326542132e+01	2.274129333213500193e+00	-1.777258706626023184e+02	-8.881072633215737255e+01
2.635000000000000000e+02	-6.175343987442767002e+01	-7.618972012990580822e+01	-7.618972013025248202e+01	-6.175343987423125469e+01	-8.882087677142763482e+01	2.255576741976855537e+00	-1.777444232579106540e+02	-8.882087677070579446e+01
2.640000000000000000e+02	-6.177112796858943966e+01	-7.622386242423957015e+01	-7.622386242280448698e+01	-6.177112796857623778e+01	-8.882338536343239355e+01	2.250987293430636527e+00	-1.777490127153001538e+02	-8.882338536435605647e+01
2.660000000000000000e+02	-6.184149989103649148e+01	-7.635974097001381722e+01	-7.635974096963740010e+01	-6.184149989090987276e+01	-8.883330608208622436e+01	2.232820538353652573e+00	-1.777671794680902622e+02	-8.883330608169167419e+01
2.680000000000000000e+02	-6.191127123869762983e+01	-7.649452823030370041e+01	-7.649452823090625486e+01	-6.191127123839720525e+01	-8.884304870761174300e+01	2.214953636974152040e+00	-1.777850463607723270e+02	-8.884304870820923838e+01
2.685000000000000000e+02	-6.192862148795255450e+01	-7.652805664435018684e+01	-7.652805664373306627e+01	-6.192862148744310247e+01	-8.884545711095772447e+01	2.210532874861534491e+00	-1.777894671234811597e+02	-8.884545710915638494e+01
2.705000000000000000e+02	-6.199765702991865624e+01	-7.666150494093497514e+01	-7.666150494077967892e+01	-6.199765702980174353e+01	-8.885498391697659315e+01	2.193030189896481907e+00	-1.778069698062654425e+02	-8.885498391850408950e+01
2.720000000000000000e+02	-6.204905443769953166e+01	-7.676090011730585161e+01	-7.676090011644119215e+01	-6.204905443764768336e+01	-8.886201890132556969e+01	2.180089425441077200e+00	-1.778199105744646431e+02	-8.886201890172931428e+01
2.730000000000000000e+02	-6.208314113991143302e+01	-7.682683848781346114e+01	-7.682683848924418157e+01	-6.208314114013182916e+01	-8.886665750573439482e+01	2.171549280640708179e+00	-1.778284507081082779e+02	-8.886665750704212030e+01
2.750000000000000000e+02	-6.215089231682196669e+01	-7.695794443210704117e+01	-7.695794443329057799e+01	-6.215089231682591731e+01	-8.887581385315202454e+01	2.154674040264869639e+00	-1.778453259585983801e+02	-8.887581385393188782e+01
2.765000000000000000e+02	-6.220134099945931183e+01	-7.705560750780529133e+01	-7.705560750683568472e+01	-6.220134099929581595e+01	-8.888257745333714865e+01	2.142193710486358427e+00	-1.778578062894131051e+02	-8.888257745246740171e+01
2.775000000000000000e+02	-6.223480200873714807e+01	-7.712040267054359788e+01	-7.712040267010992523e+01	-6.223480200863642153e+01	-8.888703812890710765e+01	2.133955818850659547e+00	-1.778660441822057408e+02	-8.888703812981856345e+01
2.795000000000000000e+02	-6.230131777460543674e+01	-7.724924936000203957e+01	-7.724924936039448653e+01	-6.230131777442178986e+01	-8.889584561163717069e+01	2.117674047344491051e+00	-1.778823259493565843e+02	-8.889584561191846035e+01
2.805000000000000000e+02	-6.233437480828673216e+01	-7.731330476797114670e+01	-7.731330476834973808e+01	-6.233437480843389267e+01	-8.890019340177515517e+01	2.109628621273534677e+00	-1.778903713849077803e+02	-8.890019340221024891e+01
2.820000000000000000e+02	-6.238371244383817782e+01	-7.740893332915018732e+01	-7.740893332981316632e+01	-6.238371244373596625e+01	-8.890664649823830246e+01	2.097677645419710135e+00	-1.779023223522274861e+02	-8.890664649764947569e+01
2.840000000000000000e+02	-6.244903893251014182e+01	-7.753559941505479003e+01	-7.753559941451796078e+01	-6.244903893239915504e+01	-8.891512503982214355e+01	2.081957861841571056e+00	-1.779180421327887416e+02	-8.891512503991640415e+01
2.850000000000000000e+02	-6.248150872990784421e+01	-7.759857717548834444e+01	-7.759857717495830798e+01	-6.248150873000643912e+01	-8.891931151236401831e+01	2.074188420770743946e+00	-1.779258115802468865e+02	-8.891931151346751960e+01
2.865000000000000000e+02	-6.252997458753295490e+01	-7.769260480302887117e+01	-7.769260480200551910e+01	-6.252997458738150272e+01	-8.892552647314906267e+01	2.062645330472793415e+00	-1.779373546732902582e+02	-8.892552647313354441e+01
2.885000000000000000e+02	-6.259415532734603715e+01	-7.781716480199804664e+01	-7.781716480339925113e+01	-6.259415532747710387e+01	-8.893369448607519701e+01	2.047458272848281968e+00	-1.779525417241505636e+02	-8.893369448657824705e+01
2.895000000000000000e+02	-6.262605924046429351e+01	-7.787910151745963105e+01	-7.787910151791719215e+01	-6.262605924046552985e+01	-8.893772861111676775e+01	2.039950528400392482e+00	-1.779600494620477491e+02	-8.893772861426730003e+01
2.910000000000000000e+02	-6.267368484476912727e+01	-7.797158231931501859e+01	-7.797158231649900983e+01	-6.267368484487269598e+01	-8.894371860854532486e+01	2.028794330153207426e+00	-1.779712056726580727e+02	-8.894371860701093624e+01
2.930000000000000000e+02	-6.273676095534109720e+01	-7.809410691299903817e+01	-7.809410691296537266e+01	-6.273676095511991235e+01	-8.895159313331413387e+01	2.014112760214260778e+00	-1.779858872388034570e+02	-8.895159313344565533e+01
2.940000000000000000e+02	-6.276811916115487122e+01	-7.815503731288896461e+01	-7.815503731335090265e+01	-6.276811916107772049e+01	-8.895548321547178716e+01	2.006853435246460649e+00	-1.779931465566828024e+02	-8.895548321831346072e+01
2.955000000000000000e+02	-6.281493431303029240e+01	-7.824602263034925898e+01	-7.824602263054239870e+01	-6.281493431333590394e+01	-8.896126044566081248e+01	1.996064551277575871e+00	-1.780039354458185983e+02	-8.896126044453613702e+01
2.975000000000000000e+02	-6.287694468131425651e+01	-7.836657892484394949e+01	-7.836657892401512981e+01	-6.287694468107762447e+01	-8.896885728059734788e+01	1.981863111792125931e+00	-1.780181368949910450e+02	-8.896885728163111651e+01
2.990000000000000000e+02	-6.292314905665358538e+01	-7.845643493626383247e+01	-7.845643493617542674e+01	-6.292314905657396196e+01	-8.897447689240364355e+01	1.971347251070692197e+00	-1.780286527485132808e+02	-8.897447689110141766e+01
3.000000000000000000e+02	-6.295380917077526561e+01	-7.851607460349030987e+01	-7.851607460400104799e+01	-6.295380917088444050e+01	-8.897818680883045772e+01	1.964400002922193522e+00	-1.780355999926596837e+02	-8.897818680928237711e+01
3.020000000000000000e+02	-6.301479061173441210e+01	-7.863472636426952533e+01	-7.863472636409080962e+01	-6.301479061201512621e+01	-8.898552061908436883e+01	1.950654996500583938e+00	-1.780493449974729288e+02	-8.898552062010681141e+01
3.035000000000000000e+02	-6.306023364025315914e+01	-7.872317194528670825e+01	-7.872317194318709710e+01	-6.306023364010728471e+01	-8.899094702808901047e+01	1.940474900464588703e+00	-1.780595251080095238e+02	-8.899094702874594986e+01
3.045000000000000000e+02	-6.309039102968087320e+01	-7.878187973875068906e+01	-7.878187973891459706e+01	-6.309039102973405022e+01	-8.899453003411139207e+01	1.933748410529425366e+00	-1.780662515810826392e+02	-8.899453003501935200e+01
3.065000000000000000e+02	-6.315037843606110357e+01	-7.889868761944300957e+01	-7.889868762091644783e+01	-6.315037843583337462e+01	-8.900161445503762536e+01	1.920437745100433968e+00	-1.780795622574153754e+02	-8.900161445601305843e+01
3.085000000000000000e+02	-6.320993477536895711e+01	-7.901469469963227255e+01	-7.901469469983241822e+01	-6.320993477574405262e+01	-8.900859216270600882e+01	1.907313358628404787e+00	-1.780926866263303339e+02	-8.900859216382423256e+01
3.090000000000000000e+02	-6.322475725816388348e+01	-7.904357265952120315e+01	-7.904357265840631896e+01	-6.322475725817226078e+01	-8.901032020326449867e+01	1.904060910999982426e+00	-1.780959390667296418e+02	-8.901032020236823428e+01
3.110000000000000000e+02	-6.328378373096082044e+01	-7.915859440413314019e+01	-7.915859440323357887e+01	-6.328378373078854224e+01	-8.901716792487205510e+01	1.891163895431128061e+00	-1.781088361115073155e+02	-8.901716792371148301e+01
3.130000000000000000e+02	-6.334239330662995826e+01	-7.927284012516770417e+01	-7.927284012640613753e+01	-6.334239330672594548e+01	-8.902391429243476750e+01	1.878444399280250865e+00	-1.781215555981936518e+02	-8.902391429334045370e+01
3.135000000000000000e+02	-6.335698127466854856e+01	-7.930128155402184120e+01	-7.930128155459929928e+01	-6.335698127466849172e+01	-8.902558531583639478e+01	1.875291842851329882e+00	-1.781247081610174803e+02	-8.902558531648419660e+01
3.155000000000000000e+02	-6.341507824694275541e+01	-7.941457218253148653e+01	-7.941457218204438107e+01	-6.341507824719344910e+01	-8.903220817063299819e+01	1.862789077266709725e+00	-1.781372109213645274e+02	-8.903220817320401181e+01
3.175000000000000000e+02	-6.347277178731555125e+01	-7.952711041064766562e+01	-7.952711041074519471e+01	-6.347277178757984473e+01	-8.903873467764155691e+01	1.850455644461494131e+00	-1.781495443442198336e+02	-8.903873467608903525e+01
3.180000000000000000e+02	-6.348713281572688061e+01	-7.955512859935419101e+01	-7.955512859847402751e+01	-6.348713281538120157e+01	-8.904035149734815491e+01	1.847398353168935081e+00	-1.781526016506710448e+02	-8.904035149792692039e+01
3.200000000000000000e+02	-6.354433016587466909e+01	-7.966674057336066994e+01	-7.966674057358285665e+01	-6.354433016569789316e+01	-8.904676053127302282e+01	1.835271695675959602e+00	-1.781647282994246950e+02	-8.904676053119115409e+01
3.220000000000000000e+02	-6.360113689053423514e+01	-7.977762268983352101e+01	-7.977762268941252444e+01	-6.360113689053237351e+01	-8.905307788597208685e+01	1.823306680994831730e+00	-1.781766933197019682e+02	-8.905307788627645493e+01
3.230000000000000000e+02	-6.362939548926825495e+01	-7.983279308764066684e+01	-7.983279308675290054e+01	-6.362939548924281041e+01	-8.905620280480107454e+01	1.817383768859728077e+00	-1.781826162427489351e+02	-8.905620280389676680e+01
3.245000000000000000e+02	-6.367160433484848880e+01	-7.991521371230086856e+01	-7.991521371279687003e+01	-6.367160433490533933e+01	-8.906084866360001229e+01	1.808572716868529273e+00	-1.781914272783883462e+02	-8.906084866258647992e+01
3.265000000000000000e+02	-6.372755205317310612e+01	-8.002448876810623801e+01	-8.002448876974496272e+01	-6.372755205311604954e+01	-8.906696688578990972e+01	1.796959526311131539e+00	-1.782030404738996481e+02	-8.906696688516557003e+01
3.280000000000000000e+02	-6.376926764584651153e+01	-8.010598579230021699e+01	-8.010598579362260807e+01	-6.376926764597396868e+01	-8.907149937268570739e+01	1.788349104494267428e+00	-1.782116508995419508e+02	-8.907149937163750053e+01
3.290000000000000000e+02	-6.379696248764847155e+01	-8.016010057920135523e+01	-8.016010057752140483e+01	-6.379696248754862609e+01	-8.907449470179082596e+01	1.782655484223965692e+00	-1.782173445314773517e+02	-8.907449470223605204e+01
3.310000000000000000e+02	-6.385207768891113744e+01	-8.026781544253056211e+01	-8.026781544265668344e+01	-6.385207768900070135e+01	-8.908042316875329902e+01	1.771378539922117801e+00	-1.782286214650434317e+02	-8.908042317156612455e+01
3.330000000000000000e+02	-6.390683105918264317e+01	-8.037485138959283404e+01	-8.037485139117819699e+01	-6.390683105945850428e+01	-8.908627015853753051e+01	1.760246286073311239e+00	-1.782397537146524087e+02	-8.908627015816270500e+01
3.335000000000000000e+02	-6.392046344028362626e+01	-8.040150531773223008e+01	-8.040150531748417961e+01	-6.392046344059447449e+01	-8.908771937376417327e+01	1.757485486264751984e+00	-1.782425145072255361e+02	-8.908771937196891599e+01
3.355000000000000000e+02	-6.397477137827500115e+01	-8.050770479549245806e+01	-8.050770479702254079e+01	-6.397477137834368932e+01	-8.909346687430925726e+01	1.746530146481334755e+00	-1.782534698481825330e+02	-8.909346687649215824e+01
3.375000000000000000e+02	-6.402872833272125774e+01	-8.061324464541254997e+01	-8.061324464544965451e+01	-6.402872833287035803e+01	-8.909913662515693034e+01	1.735713251718288053e+00	-1.782642867514963427e+02	-8.909913662797632128e+01
3.385000000000000000e+02	-6.405557665153982327e+01	-8.066576980884244108e+01	-8.066576980989280798e+01	-6.405557665146891111e+01	-8.910194284197054060e+01	1.730355895925450138e+00	-1.782696441137503882e+02	-8.910194284282461297e+01
3.400000000000000000e+02	-6.409568804690353261e+01	-8.074425448320185694e+01	-8.074425448401052563e+01	-6.409568804714837142e+01	-8.910611688764606697e+01	1.722382760946964630e+00	-1.782776172171621738e+02	-8.910611688664862129e+01
3.420000000000000000e+02	-6.414887218747907127e+01	-8.084834027993146321e+01	-8.084834027773710829e+01	-6.414887218779895761e+01	-8.911161741939665148e+01	1.711867785736038483e+00	-1.782881322077108450e+02	-8.911161742036419753e+01
3.440000000000000000e+02	-6.420172015242005159e+01	-8.095179285613640729e+01	-8.095179285848823270e+01	-6.420172015227844042e+01	-8.911704518950675435e+01	1.701482861633578647e+00	-1.782985171263017889e+02	-8.911704518944640085e+01
3.445000000000000000e+02	-6.421488012937109602e+01	-8.097755798011354500e+01	-8.097755797922951615e+01	-6.421488012944811885e+01	-8.911839093526016597e+01	1.698906672936626006e+00	-1.783010933338266284e+02	-8.911839093328644879e+01
3.465000000000000000e+02	-6.426731400008640094e+01	-8.108022999189896041e+01	-8.108022999067713954e+01	-6.426731399988723581e+01	-8.912372978173705462e+01	1.688680889665818752e+00	-1.783113190963442491e+02	-8.912372978133244317e+01
3.485000000000000000e+02	-6.431942139147491844e+01	-8.118228613642958180e+01	-8.118228613593512932e+01	-6.431942139146954673e+01	-8.912899907020069179e+01	1.678579779408263084e+00	-1.783214202201190517e+02	-8.912899906997454025e+01
3.490000000000000000e+02	-6.433239771740802837e+01	-8.120770482259237610e+01	-8.120770482358588538e+01	-6.433239771768452897e+01	-8.913030568333465453e+01	1.676073708681598440e+00	-1.783239262925090145e+02	-8.913030568278291810e+01
3.510000000000000000e+02	-6.438410286733018495e+01	-8.130900163959134375e+01	-8.130900163847303475e+01	-6.438410286748282374e+01	-8.913548993237408524e+01	1.666125189769928738e+00	-1.783338748169113330e+02	-8.913548993165460388e+01
3.530000000000000000e+02	-6.443549081134645462e+01	-8.140969922736628916e+01	-8.140969922833710370e+01	-6.443549081129579292e+01	-8.914060763294492062e+01	1.656296234091296116e+00	-1.783437037805163072e+02	-8.914060763420755507e+01
3.545000000000000000e+02	-6.447382600707250333e+01	-8.148483349467511516e+01	-8.148483349550227217e+01	-6.447382600731725688e+01	-8.914440301310024495e+01	1.649001628821718857e+00	-1.783509983523265703e+02	-8.914440301302155945e+01
3.555000000000000000e+02	-6.449928574470355613e+01	-8.153473946587337196e+01	-8.153473946485107149e+01	-6.449928574482386523e+01	-8.914691313310234477e+01	1.644174821259884123e+00	-1.783558251786371613e+02	-8.914691313243683624e+01
3.575000000000000000e+02	-6.454997445557683022e+01	-8.163411482259958518e+01	-8.163411482418466392e+01	-6.454997445550506541e+01	-8.915188574631024210e+01	1.634606977243948434e+00	-1.783653930373833134e+02	-8.915188574627445917e+01
3.595000000000000000e+02	-6.460035865802262833e+01	-8.173291380106152815e+01	-8.173291380016084418e+01	-6.460035865754829842e+01	-8.915679586357252617e+01	1.625151801788288441e+00	-1.783748482220104847e+02	-8.915679586323432204e+01
3.605000000000000000e+02	-6.462543774296926813e+01	-8.178209926583670608e+01	-8.178209926321301282e+01	-6.462543774271574648e+01	-8.915922785515256521e+01	1.620465805725088915e+00	-1.783795341969679100e+02	-8.915922785408810114e+01
3.620000000000000000e+02	-6.466291640201083624e+01	-8.185561227655477978e+01	-8.185561227817075292e+01	-6.466291640201463053e+01	-8.916284741382420975e+01	1.613488176574447985e+00	-1.783865118254531410e+02	-8.916284741425400284e+01
3.640000000000000000e+02	-6.471262906528281178e+01	-8.195313894112912578e+01	-8.195313894227547280e+01	-6.471262906499669043e+01	-8.916762117746984018e+01	1.604279214577711610e+00	-1.783957207943830667e+02	-8.916762117671801491e+01
3.660000000000000000e+02	-6.476204915344520430e+01	-8.205011076926480484e+01	-8.205011077033179845e+01	-6.476204915332617418e+01	-8.917233616461008694e+01	1.595176550377512381e+00	-1.784048234588875914e+02	-8.917233616500455184e+01
3.665000000000000000e+02	-6.477435887553393457e+01	-8.207426778317979199e+01	-8.207426778209458007e+01	-6.477435887554554483e+01	-8.917350585540091856e+01	1.592917271731200790e+00	-1.784070827329338442e+02	-8.917350585579815458e+01
3.685000000000000000e+02	-6.482341819876475597e+01	-8.217055502756161900e+01	-8.217055502848018023e+01	-6.482341819883127698e+01	-8.917814889590202654e+01	1.583944883744990983e+00	-1.784160551205257264e+02	-8.917814889627864261e+01
3.705000000000000000e+02	-6.487219279398966876e+01	-8.226630164211383089e+01	-8.226630164155065472e+01	-6.487219279375271697e+01	-8.918273556572233929e+01	1.575074667470532930e+00	-1.784249253283880705e+02	-8.918273556550970227e+01
3.715000000000000000e+02	-6.489647437840835664e+01	-8.231397413290730469e+01	-8.231397413298013532e+01	-6.489647437825473730e+01	-8.918500808254236745e+01	1.570677341827579232e+00	-1.784293226686192213e+02	-8.918500808104195698e+01
3.730000000000000000e+02	-6.493276578819595102e+01	-8.238523398369170536e+01	-8.238523398259675901e+01	-6.493276578847699909e+01	-8.918839118886631923e+01	1.564127903617412718e+00	-1.784358720843845845e+02	-8.918839118739731475e+01
3.750000000000000000e+02	-6.498091202550475032e+01	-8.247978644978870477e+01	-8.247978644956279481e+01	-6.498091202508244635e+01	-8.919285472971596107e+01	1.555481243371060973e+00	-1.784445187666437391e+02	-8.919285473010798171e+01
3.770000000000000000e+02	-6.502878431050029917e+01	-8.257381784457054152e+01	-8.257381784615019171e+01	-6.502878431041317242e+01	-8.919726513760220143e+01	1.546931139009525724e+00	-1.784530688358629220e+02	-8.919726513934804757e+01
3.775000000000000000e+02	-6.504070995216795836e+01	-8.259724495887148521e+01	-8.259724495790138121e+01	-6.504070995214382833e+01	-8.919835955357751800e+01	1.544808538964261624e+00	-1.784551914706617026e+02	-8.919835955199334876e+01
3.795000000000000000e+02	-6.508824427740228202e+01	-8.269063316553081222e+01	-8.269063316330438340e+01	-6.508824427776856680e+01	-8.920270487919717084e+01	1.536376898811245395e+00	-1.784636230922830009e+02	-8.920270487759988498e+01
3.815000000000000000e+02	-6.513551175065471455e+01	-8.278351321007187380e+01	-8.278351321302422150e+01	-6.513551175080326061e+01	-8.920699916769065396e+01	1.528038268595707461e+00	-1.784719617395943771e+02	-8.920699916870418633e+01
3.835000000000000000e+02	-6.518251543574433526e+01	-8.287589069479692228e+01	-8.287589069594426405e+01	-6.518251543576455731e+01	-8.921124332244460220e+01	1.519791034427977472e+00	-1.784802089613865803e+02	-8.921124332266948898e+01
3.840000000000000000e+02	-6.519422549414515800e+01	-8.289890718624272381e+01	-8.289890718481254339e+01	-6.519422549429360458e+01	-8.921229662927275683e+01	1.517743341636444310e+00	-1.784822566577682039e+02	-8.921229662929606263e+01
3.860000000000000000e+02	-6.524090367318481754e+01	-8.299066416681951353e+01	-8.299066416763244547e+01	-6.524090367284610181e+01	-8.921647934078993103e+01	1.509608252181461108e+00	-1.784903917367316808e+02	-8.921647933973687827e+01
3.880000000000000000e+02	-6.528732476603283885e+01	-8.308193081249847012e+01	-8.308193080960350585e+01	-6.528732476559382292e+01	-8.922061385390956900e+01	1.501561249063655845e+00	-1.784984387630727269e+02	-8.922061385383494780e+01
3.895000000000000000e+02	-6.532197361569915017e+01	-8.315006219403137777e+01	-8.315006219465971071e+01	-6.532197361581951611e+01	-8.922368360929853282e+01	1.495582882052171270e+00	-1.785044171029750260e+02	-8.922368360825647926e+01
3.905000000000000000e+02	-6.534499401025155407e+01	-8.319533262991696176e+01	-8.319533262612991109e+01	-6.534499401011781572e+01	-8.922571547956903260e+01	1.491624097439090635e+00	-1.785083758956169504e+02	-8.922571548170063238e+01
3.925000000000000000e+02	-6.539084716892131155e+01	-8.328551522076307378e+01	-8.328551522160539378e+01	-6.539084716884472925e+01	-8.922974455089926948e+01	1.483769971283172007e+00	-1.785162300117941925e+02	-8.922974455104959191e+01
3.945000000000000000e+02	-6.543645247151590638e+01	-8.337522435851370517e+01	-8.337522435720180169e+01	-6.543645247137867216e+01	-8.923372805445021072e+01	1.475999355975642136e+00	-1.785240006535601367e+02	-8.923372805220429882e+01
3.955000000000000000e+02	-6.545916303374441725e+01	-8.341990294943511230e+01	-8.341990294794216254e+01	-6.545916303380333545e+01	-8.923570295453193069e+01	1.472144918805076141e+00	-1.785278550876363113e+02	-8.923570295591697743e+01
3.970000000000000000e+02	-6.549311471764245596e+01	-8.348670261140372872e+01	-8.348670261294375905e+01	-6.549311471771953563e+01	-8.923864451530714348e+01	1.466401392095131317e+00	-1.785335985925154887e+02	-8.923864451542102927e+01
3.990000000000000000e+02	-6.553817228371195824e+01	-8.357536468867861856e+01	-8.357536468735857227e+01	-6.553817228334681033e+01	-8.924252827091096663e+01	1.458813748760159568e+00	-1.785411862616259668e+02	-8.924252826834607788e+01
4.010000000000000000e+02	-6.558299072423874065e+01	-8.366356932033977500e+01	-8.366356932136815772e+01	-6.558299072408759400e+01	-8.924636888480674202e+01	1.451305310132061654e+00	-1.785486947007784408e+02	-8.924636888611412644e+01
4.020000000000000000e+02	-6.560531108438325987e+01	-8.370750158325316193e+01	-8.370750158408510799e+01	-6.560531108413873369e+01	-8.924827324253340066e+01	1.447580416965406291e+00	-1.785524196067096625e+02	-8.924827324366086145e+01
4.035000000000000000e+02	-6.563868144997542231e+01	-8.377318907534098003e+01	-8.377318907283738270e+01	-6.563868145016142819e+01	-8.925111008738794283e+01	1.442029241582791332e+00	-1.785579707564750436e+02	-8.925111008765099996e+01
4.055000000000000000e+02	-6.568297127153797987e+01	-8.386038175040431497e+01	-8.386038175118777360e+01	-6.568297127148936454e+01	-8.925485623881303354e+01	1.434694525630671125e+00	-1.785653054695478659e+02	-8.925485623957357006e+01
4.075000000000000000e+02	-6.572703023760143992e+01	-8.394713218357628648e+01	-8.394713218498262108e+01	-6.572703023729890504e+01	-8.925856152042906899e+01	1.427435070122917926e+00	-1.785725649425387758e+02	-8.925856151996569565e+01
4.080000000000000000e+02	-6.573800919615204919e+01	-8.396875122750694231e+01	-8.396875122619817944e+01	-6.573800919633930562e+01	-8.925948153429743570e+01	1.425631790280902589e+00	-1.785743681971164563e+02	-8.925948153151786357e+01
4.100000000000000000e+02	-6.578178304246199559e+01	-8.405495521379688739e+01	-8.405495521195875597e+01	-6.578178304216477557e+01	-8.926313665861987090e+01	1.418464782866871277e+00	-1.785815352326224001e+02	-8.926313665685293586e+01
4.120000000000000000e+02	-6.582533150364018582e+01	-8.414072703421210520e+01	-8.414072703805494768e+01	-6.582533150397530619e+01	-8.926675238220163067e+01	1.411370375449844117e+00	-1.785886296197702450e+02	-8.926675238083502961e+01
4.140000000000000000e+02	-6.586865694920915359e+01	-8.422607107011671701e+01	-8.422607106775825514e+01	-6.586865694901052848e+01	-8.927032934420712706e+01	1.404347555551013871e+00	-1.785956524479786651e+02	-8.927032934090617289e+01
4.145000000000000000e+02	-6.587945373822888939e+01	-8.424734074062088496e+01	-8.424734074032059539e+01	-6.587945373848646113e+01	-8.927121759831589998e+01	1.402602881110447841e+00	-1.785973971177876081e+02	-8.927121759779041099e+01
4.165000000000000000e+02	-6.592250368638217140e+01	-8.433215607108179768e+01	-8.433215607189892182e+01	-6.592250368628272383e+01	-8.927474696883216154e+01	1.395667952993144612e+00	-1.786043320441775109e+02	-8.927474696834038070e+01
4.185000000000000000e+02	-6.596533580984683454e+01	-8.441655319949259706e+01	-8.441655319924514345e+01	-6.596533580996810997e+01	-8.927823894652375714e+01	1.388802139940890523e+00	-1.786111978671301870e+02	-8.927823894460247800e+01
4.205000000000000000e+02	-6.600795235684354623e+01	-8.450053627557238656e+01	-8.450053627471616835e+01	-6.600795235685146167e+01	-8.928169411699047942e+01	1.382004426748790538e+00	-1.786179955871088509e+02	-8.928169411667714428e+01
4.210000000000000000e+02	-6.601857307014249443e+01	-8.452146782747365705e+01	-8.452146782866100239e+01	-6.601857306969490935e+01	-8.928255222415209857e+01	1.380315507121331997e+00	-1.786196844852345009e+02	-8.928255222711091221e+01
4.230000000000000000e+02	-6.606092325395378850e+01	-8.460493909259520251e+01	-8.460493909332610940e+01	-6.606092325393566966e+01	-8.928596220061429278e+01	1.373601443439435466e+00	-1.786263985586179786e+02	-8.928596220109081116e+01
4.250000000000000000e+02	-6.610306279215232905e+01	-8.468800543039562001e+01	-8.468800543296686101e+01	-6.610306279211977198e+01	-8.928933665011173559e+01	1.366953178099284960e+00	-1.786330468081634706e+02	-8.928933665080869275e+01
4.270000000000000000e+02	-6.614499382058893673e+01	-8.477067080759590567e+01	-8.477067080465465665e+01	-6.614499382064849442e+01	-8.929267612564446210e+01	1.360369764162291606e+00	-1.786396302249711141e+02	-8.929267612407267052e+01
4.275000000000000000e+02	-6.615544424551417535e+01	-8.479127495632580747e+01	-8.479127495528399550e+01	-6.615544424515159960e+01	-8.929350559011291466e+01	1.358733953634108982e+00	-1.786412660376550150e+02	-8.929350559062918080e+01
4.295000000000000000e+02	-6.619711759058122880e+01	-8.487344459478336489e+01	-8.487344459511245987e+01	-6.619711759056139044e+01	-8.929680209996602969e+01	1.352230255104084566e+00	-1.786477697434271192e+02	-8.929680209988138984e+01
4.315000000000000000e+02	-6.623858711362240115e+01	-8.495522196334592024e+01	-8.495522196294868422e+01	-6.623858711294840873e+01	-8.930006482854631145e+01	1.345789276260474843e+00	-1.786542107288867101e+02	-8.930006482918945210e+01
4.335000000000000000e+02	-6.627985484475735234e+01	-8.503661082889875900e+01	-8.503661083033290424e+01	-6.627985484468744914e+01	-8.930329429139415254e+01	1.339410077782713593e+00	-1.786605899073804835e+02	-8.930329428808063597e+01
4.345000000000000000e+02	-6.630041366549815507e+01	-8.507716073957323033e+01	-8.507716073787031519e+01	-6.630041366541115622e+01	-8.930489670189039941e+01	1.336243375491625418e+00	-1.786637566139896478e+02	-8.930489670115341028e+01
4.360000000000000000e+02	-6.633115878580213121e+01	-8.513780624174981426e+01	-8.513780624172069622e+01	-6.633115878573266855e+01	-8.930728509646645819e+01	1.331521663006857814e+00	-1.786684783397457181e+02	-8.930728509661707903e+01
4.410000000000000000e+02	-6.643284544097789990e+01	-8.533842181899134971e+01	-8.533842182080763905e+01	-6.643284544125754110e+01	-8.931511693977914490e+01	1.316023478877403452e+00	-1.786839765213583746e+02	-8.931511694173730120e+01
4.480000000000000000e+02	-6.657319133593551896e+01	-8.561539669348208292e+01	-8.561539669631341098e+01	-6.657319133539826339e+01	-8.932575789965491708e+01	1.294929138998089480e+00	-1.787050708725903121e+02	-8.932575790179160435e+01
4.550000000000000000e+02	-6.671125661012743535e+01	-8.588796866481104075e+01	-8.588796866688893772e+01	-6.671125661026562170e+01	-8.933603849610923930e+01	1.274507523514955887e+00	-1.787254924837329781e+02	-8.933603849822029019e+01
4.625000000000000000e+02	-6.685673750214304789e+01	-8.617528225584410961e+01	-8.617528225123717789e+01	-6.685673750212238531e+01	-8.934667375244940501e+01	1.253337473242956523e+00	-1.787466625377653315e+02	-8.934667375391890687e+01
4.695000000000000000e+02	-6.699031158358437210e+01	-8.643916942447006591e+01	-8.643916942351768284e+01	-6.699031158391693452e+01	-8.935626325005289061e+01	1.234209879108666641e+00	-1.787657901185767741e+02	-8.935626325188295027e+01
4.770000000000000000e+02	-6.713113902377457975e+01	-8.671747493463524847e+01	-8.671747493520888384e+01	-6.713113902408841227e+01	-8.936619494080404991e+01	1.214359691286607479e+00	-1.787856403128032809e+02	-8.936619494200660085e+01
4.845000000000000000e+02	-6.726967676071559765e+01	-8.699134127704812158e+01	-8.699134127348239076e+01	-6.726967676048224121e+01	-8.937578944556247507e+01	1.195143800854199689e+00	-1.788048561833194867e+02	-8.937578944370554268e+01
4.920000000000000000e+02	-6.740599952449788645e+01	-8.726090911467947819e+01	-8.726090911441818321e+01	-6.740599952421101193e+01	-8.938506338346141433e+01	1.176532041670092843e+00	-1.788234679564545502e+02	-8.938506338600647894e+01
4.995000000000000000e+02	-6.754017839313543448e+01	-8.752631248944992137e+01	-8.752631248597587899e+01	-6.754017839315652338e+01	-8.939403230715149107e+01	1.158496048430695202e+00	-1.788415039483883788e+02	-8.939403230790514954e+01
