Frequency(Hz)	Mag_Ydd(dB)	Mag_Ydq(dB)	Mag_Yqd(dB)	Mag_Yqq(dB)	Phase_Ydd(deg)	Phase_Ydq(deg)	Phase_Yqd(deg)	Phase_Yqq(deg)
1.000000000000000000e+00	-5.244206739172095411e+01	-7.683936854645467918e+01	-4.732777811488257669e+01	-5.251019917310257767e+01	-6.803935383470652631e+00	-2.014105909730174726e-01	-5.465632661328574216e+01	-1.791263382696155588e+02
1.500000000000000000e+00	-5.239480366379545018e+01	-7.670612504400035903e+01	-4.902419776277941565e+01	-5.244872874935329321e+01	-1.179106239507899723e+01	-9.031325726694605649e-02	-7.388604138660808474e+01	-1.787545201739948482e+02
2.000000000000000000e+00	-5.248221397315639791e+01	-7.644831173888395881e+01	-5.061814687231029097e+01	-5.235361841883047163e+01	-1.686034394566446437e+01	-1.247193688997257910e-01	-8.905526419244353065e+01	-1.783060416098763028e+02
2.500000000000000000e+00	-5.266659237522311088e+01	-7.607839198880192555e+01	-5.202624028710297210e+01	-5.220666940452151294e+01	-2.171744440692606304e+01	-8.283732157166868726e-01	-1.015143351032775598e+02	-1.778917078023689839e+02
3.000000000000000000e+00	-5.291888429312888320e+01	-7.565929549485849748e+01	-5.325093423999600617e+01	-5.200807573579805876e+01	-2.627927582188316435e+01	-2.511679264753336138e+00	-1.121031986915704550e+02	-1.776734116121078273e+02
3.500000000000000000e+00	-5.321991708495522744e+01	-7.525988469820708815e+01	-5.431535649752021300e+01	-5.177202788438916059e+01	-3.053005958751382209e+01	-5.167140784792720432e+00	-1.213443343243984316e+02	-1.777705979322704763e+02
4.000000000000000000e+00	-5.355679642628867754e+01	-7.492739432769313623e+01	-5.524793122230336451e+01	-5.151769758082853201e+01	-3.447604725184896779e+01	-8.593699422982943759e+00	-1.295453883126973835e+02	-1.782306148822179637e+02
4.500000000000000000e+00	-5.392012654763877322e+01	-7.468422749040487929e+01	-5.607168138077834385e+01	-5.126251851046781383e+01	-3.812994277591004533e+01	-1.254041427775738349e+01	-1.369128055637745831e+02	-1.790407633306668345e+02
5.000000000000000000e+00	-5.430278721400962638e+01	-7.453521944596191418e+01	-5.680746695042712702e+01	-5.101920311886252790e+01	-4.150799153662961061e+01	-1.678452643944443068e+01	-1.435777485878815867e+02	1.798463327858877960e+02
5.500000000000000000e+00	-5.469912300793326665e+01	-7.447551449911838972e+01	-5.746988777543344185e+01	-5.079553454044131655e+01	-4.462756845364251035e+01	-2.115559969046098132e+01	-1.496405894553965368e+02	1.784906378628494679e+02
6.000000000000000000e+00	-5.510467372171262923e+01	-7.449595922152447258e+01	-5.807208910446988881e+01	-5.059532549622663566e+01	-4.750737795573299138e+01	-2.553359638326818626e+01	-1.551735066061426664e+02	1.769510622578085304e+02
6.500000000000000000e+00	-5.551587555078489800e+01	-7.458622278042179232e+01	-5.862266484706459124e+01	-5.041967694061064265e+01	-5.016606535701797043e+01	-2.983885391488111694e+01	-1.602384463859633001e+02	1.752789113081786638e+02
7.000000000000000000e+00	-5.592997079621003564e+01	-7.473634413335831539e+01	-5.912989369733531220e+01	-5.026800145912997664e+01	-5.262242360100695038e+01	-3.402127087237425229e+01	-1.648853735902741562e+02	1.735159587080518122e+02
7.500000000000000000e+00	-5.634482383508555614e+01	-7.493743503858698318e+01	-5.959891412692576296e+01	-5.013880400739883214e+01	-5.489429734694564189e+01	-3.805151528484523027e+01	-1.691591718385495824e+02	1.716947624497093443e+02
8.000000000000000000e+00	-5.675885770161912802e+01	-7.518188199262780813e+01	-6.003521242069290054e+01	-5.003015661586776730e+01	-5.699887343962652864e+01	-4.191424588770944837e+01	-1.730986958566042233e+02	1.698400194226851738e+02
8.500000000000000000e+00	-5.717091526391912026e+01	-7.546335218057544125e+01	-6.044203023156133270e+01	-4.994002145810250681e+01	-5.895190927130727943e+01	-4.560343222808933916e+01	-1.767386246776567020e+02	1.679700532780010178e+02
9.000000000000000000e+00	-5.758021035530060061e+01	-7.577666776604408483e+01	-6.082324088195183265e+01	-4.986640256611817534e+01	-6.076815567910963978e+01	-4.911890075358494556e+01	1.798897627612373640e+02	1.660982796988938901e+02
9.500000000000000000e+00	-5.798622489965512727e+01	-7.611767550998965248e+01	-6.118102149447464910e+01	-4.980745208343201824e+01	-6.246083211091499976e+01	-5.246416256671675171e+01	1.767593130952298281e+02	1.642343531271509960e+02
1.000000000000000000e+01	-5.838867659114974629e+01	-7.648308692107043782e+01	-6.151826167679031698e+01	-4.976149036068068199e+01	-6.404212318489831546e+01	-5.564472818310463254e+01	1.738447649867396763e+02	1.623851605487400036e+02
1.050000000000000000e+01	-5.878744615311288157e+01	-7.687035811181115719e+01	-6.183650524630552070e+01	-4.972703103938319202e+01	-6.552279745413774492e+01	-5.866719741617325212e+01	1.711249424554569885e+02	1.605555040975070540e+02
1.100000000000000000e+01	-5.918255951358096922e+01	-7.727756328107756190e+01	-6.213799730361589013e+01	-4.970275830864687094e+01	-6.691271607921758857e+01	-6.153841403035266922e+01	1.685795197541293646e+02	1.587486999136544341e+02
1.150000000000000000e+01	-5.957413789156180428e+01	-7.770331152853036372e+01	-6.242387694639481310e+01	-4.968752716322097740e+01	-6.822052278323818086e+01	-6.426515501417408416e+01	1.661921069744056467e+02	1.569669397315862227e+02
1.200000000000000000e+01	-5.996239031833611222e+01	-7.814665994338633936e+01	-6.269593721048404689e+01	-4.968033157713488634e+01	-6.945412984650482713e+01	-6.685365549815777797e+01	1.639463923644712509e+02	1.552116441669642484e+02
1.250000000000000000e+01	-6.034757982093140072e+01	-7.860706423517400765e+01	-6.295504039828770715e+01	-4.968030007703404038e+01	-7.062043968281628281e+01	-6.930957249989697289e+01	1.618297795351411423e+02	1.534836350338225941e+02
1.300000000000000000e+01	-6.073002242236763948e+01	-7.908432468164258466e+01	-6.320264470788544742e+01	-4.968666581114526082e+01	-7.172579509483776405e+01	-7.163764943648470762e+01	1.598291739101692031e+02	1.517833501009691304e+02
1.350000000000000000e+01	-6.111006430175535797e+01	-7.957856297522388900e+01	-6.343941249581543929e+01	-4.969876352373368178e+01	-7.277571385940024129e+01	-7.384179498349809023e+01	1.579349515085895348e+02	1.501109099602205390e+02
1.400000000000000000e+01	-6.148808445896144548e+01	-8.009019427120820467e+01	-6.366654400309370487e+01	-4.971600415437747245e+01	-7.377530202048509977e+01	-7.592476743729832833e+01	1.561365666952196136e+02	1.484662577189444903e+02
1.450000000000000000e+01	-6.186447932919129755e+01	-8.061992463680013543e+01	-6.388455130478898525e+01	-4.973787437438467407e+01	-7.472899378802311787e+01	-7.788828250424889177e+01	1.544267042327105344e+02	1.468491682432285472e+02
1.500000000000000000e+01	-6.223966731021192800e+01	-8.116874546793509637e+01	-6.409443053181105654e+01	-4.976391564267223089e+01	-7.564093172301446089e+01	-7.973264100676803423e+01	1.527968234158720975e+02	1.452593479562524124e+02
1.550000000000000000e+01	-6.261407853479504126e+01	-8.173794921696324423e+01	-6.429657776376875233e+01	-4.979372595932456846e+01	-7.651470924590240941e+01	-8.145680183797267659e+01	1.512413919554765869e+02	1.436964126817582041e+02
1.600000000000000000e+01	-6.298816020582033559e+01	-8.232914600018170859e+01	-6.449182469498536818e+01	-4.982694261779521838e+01	-7.735372312140466988e+01	-8.305787810139783289e+01	1.497534404803724044e+02	1.421599665492312283e+02
1.650000000000000000e+01	-6.336237008577001717e+01	-8.294429887481859964e+01	-6.468047634571610160e+01	-4.986324553226154421e+01	-7.816091786834212485e+01	-8.453109634909242232e+01	1.483288089952634436e+02	1.406495626373064169e+02
1.700000000000000000e+01	-6.373718208656416095e+01	-8.358576610753921443e+01	-6.486323033489030365e+01	-4.990234287746351072e+01	-7.893911598219338543e+01	-8.586904729783304902e+01	1.469617584881970913e+02	1.391647711299581829e+02
1.750000000000000000e+01	-6.411308260633265377e+01	-8.425636096010345000e+01	-6.504031945816305438e+01	-4.994397541301204058e+01	-7.969076418069511192e+01	-8.706138792629784007e+01	1.456491832199260728e+02	1.377051304628510309e+02
1.800000000000000000e+01	-6.449057614928616999e+01	-8.495942651263973744e+01	-6.521233110223207063e+01	-4.998790435553240030e+01	-8.041824626510351948e+01	-8.809362407327085975e+01	1.443863087183914899e+02	1.362702101248320901e+02
1.850000000000000000e+01	-6.487018403094305086e+01	-8.569892722510304850e+01	-6.537944045658647951e+01	-5.003391624805814075e+01	-8.112363126520493495e+01	-8.894624538159170868e+01	1.431708384014657724e+02	1.348595565185451335e+02
1.900000000000000000e+01	-6.525245002431559271e+01	-8.647956242938214189e+01	-6.554214372496491592e+01	-5.008181257267000319e+01	-8.180897322897664026e+01	-8.959254647086740420e+01	1.419987558883855741e+02	1.334727532341840970e+02
1.950000000000000000e+01	-6.563794124241778150e+01	-8.730688855129943704e+01	-6.570057004925686783e+01	-5.013141485095680139e+01	-8.247606125707471847e+01	-8.999646145585454349e+01	1.408683854883784932e+02	1.321093639542532685e+02
2.000000000000000000e+01	-6.602725397846887745e+01	-8.818745020241826182e+01	-6.585513985786805335e+01	-5.018255563219469906e+01	-8.312671005116615675e+01	-9.010823613685268185e+01	1.397763088553385558e+02	1.307689916853002217e+02
2.050000000000000000e+01	-6.642101681597117135e+01	-8.912886208931480780e+01	-6.600594547996351480e+01	-5.023508360834942721e+01	-8.376251176141229848e+01	-8.985911318554195759e+01	1.387213265776235005e+02	1.294512199758443387e+02
2.100000000000000000e+01	-6.681989699992710996e+01	-9.013976601835332758e+01	-6.615334414588231482e+01	-5.028885571803065346e+01	-8.438512084668869306e+01	-8.915183150858260319e+01	1.377004942847341908e+02	1.281556718913471116e+02
2.150000000000000000e+01	-6.722460606926895821e+01	-9.122939933367332799e+01	-6.629739878776371143e+01	-5.034374213096412376e+01	-8.499600770509906056e+01	-8.784740400350435152e+01	1.367129777815500233e+02	1.268819502510773134e+02
2.200000000000000000e+01	-6.763590731085034236e+01	-9.240623736295218293e+01	-6.643841378112111329e+01	-5.039961927866961844e+01	-8.559674140818154342e+01	-8.574306147278277024e+01	1.357562102698549893e+02	1.256296966873420047e+02
2.250000000000000000e+01	-6.805462451209531594e+01	-9.367436466450443788e+01	-6.657642866100707124e+01	-5.045637461232012555e+01	-8.618874529568387288e+01	-8.254132342087771690e+01	1.348296375198126498e+02	1.243985313644617321e+02
2.300000000000000000e+01	-6.848165136235030559e+01	-9.502463298247597834e+01	-6.671170347132598977e+01	-5.051390042326747221e+01	-8.677358156169560743e+01	-7.780819783307318005e+01	1.339309952827343011e+02	1.231881122249237279e+02
2.350000000000000000e+01	-6.891796437066420822e+01	-9.641482226702771641e+01	-6.684425922025414479e+01	-5.057209831719512749e+01	-8.735270955306842211e+01	-7.094664349021967098e+01	1.330599434934082410e+02	1.219980744695186274e+02
2.400000000000000000e+01	-6.936463558301137766e+01	-9.773225543475142274e+01	-6.697431866699747616e+01	-5.063087371478437859e+01	-8.792777715653758719e+01	-6.127770389792154759e+01	1.322144620338539767e+02	1.208280899961144286e+02
2.450000000000000000e+01	-6.982285142625183028e+01	-9.875352158647551448e+01	-6.710188824905360150e+01	-5.069014001224040555e+01	-8.850038375042022665e+01	-4.847130261212219438e+01	1.313943743217069766e+02	1.196778068157323673e+02
2.500000000000000000e+01	-7.029393098584458244e+01	-9.918988463939051314e+01	-6.722715931218453989e+01	-5.074981367998310589e+01	-8.907238539745205230e+01	-3.341800294981330666e+01	1.305978585824618108e+02	1.185469086580868350e+02
2.550000000000000000e+01	-7.077935376004123214e+01	-9.890543475543807972e+01	-6.735012692118213806e+01	-5.080981809144191175e+01	-8.964566686515533434e+01	-1.848151990243645315e+01	1.298248624822894328e+02	1.174350543942316989e+02
2.600000000000000000e+01	-7.128078732748736002e+01	-9.806442882573001896e+01	-6.747095589330876919e+01	-5.087007916118472650e+01	-9.022247173339837900e+01	-5.915030955684512648e+00	1.290737266031971444e+02	1.163419377925716987e+02
2.650000000000000000e+01	-7.180012922918854201e+01	-9.695643360934406019e+01	-6.758963252895809148e+01	-5.093052882793172387e+01	-9.080519307971505327e+01	3.560149134035868634e+00	1.283444926659930729e+02	1.152672270258161831e+02
2.700000000000000000e+01	-7.233955085744528901e+01	-9.579247185693704125e+01	-6.770629920352797626e+01	-5.099110118714338569e+01	-9.139674812940454274e+01	1.034863251918103266e+01	1.276356351284235444e+02	1.142106244414438265e+02
2.750000000000000000e+01	-7.290156298605519680e+01	-9.467549731756056985e+01	-6.782093556127486522e+01	-5.105173562787817332e+01	-9.200040859634631829e+01	1.513264194217562242e+01	1.269472662592372814e+02	1.131718062814945540e+02
2.800000000000000000e+01	-7.348908872258695624e+01	-9.364271189072576362e+01	-6.793366495661433646e+01	-5.111237341792082844e+01	-9.262025803614623953e+01	1.849319024729478400e+01	1.262779719039608466e+02	1.121504823871035796e+02
2.850000000000000000e+01	-7.410557103747967744e+01	-9.270119270209725926e+01	-6.804446208925270412e+01	-5.117296050082495640e+01	-9.326110950188014215e+01	2.084836332420735872e+01	1.256279166286386726e+02	1.111463361474162923e+02
2.900000000000000000e+01	-7.475510045143880689e+01	-9.184604546485437027e+01	-6.815343416737022153e+01	-5.123344449597383488e+01	-9.392912758749996271e+01	2.248471426131178674e+01	1.249957798108583376e+02	1.101590840909936446e+02
2.950000000000000000e+01	-7.544260238141660579e+01	-9.106860767395494349e+01	-6.826055233525393362e+01	-5.129377716709421264e+01	-9.463194850357866983e+01	2.359786571899564223e+01	1.243817641420883859e+02	1.091884160960895827e+02
3.000000000000000000e+01	-7.617407482061673818e+01	-9.035960765510506576e+01	-6.836591006994267161e+01	-5.135391181099581104e+01	-9.537966307539159061e+01	2.432280321802859291e+01	1.237846281111171720e+02	1.082340548082370759e+02
3.050000000000000000e+01	-7.695694010963677556e+01	-8.971049019956805637e+01	-6.846947608862882362e+01	-5.141380540047565262e+01	-9.618544336531003580e+01	2.475453373796323220e+01	1.232046015758435118e+02	1.072956961610685198e+02
3.100000000000000000e+01	-7.780052280782732055e+01	-8.911368333195690639e+01	-6.857133217106677137e+01	-5.147341634089733020e+01	-9.706741964800838218e+01	2.496108890234401301e+01	1.226405105800980948e+02	1.063730685379312035e+02
3.150000000000000000e+01	-7.871677540114104943e+01	-8.856271146229448732e+01	-6.867144551908829442e+01	-5.153270630267815022e+01	-9.805072304934475369e+01	2.499228265675265703e+01	1.220926035281896986e+02	1.054658736553671190e+02
3.200000000000000000e+01	-7.972133953862032740e+01	-8.805201623277595502e+01	-6.876988794869870958e+01	-5.159163831311938964e+01	-9.917195114660221122e+01	2.488510478393898140e+01	1.215597648786270923e+02	1.045738454059903546e+02
3.250000000000000000e+01	-8.083523388330986847e+01	-8.757690068076043133e+01	-6.886662587506216937e+01	-5.165017829657453774e+01	-1.004858500784476689e+02	2.466761789938187732e+01	1.210422546991479180e+02	1.036966911458691101e+02
3.300000000000000000e+01	-8.208753628542854131e+01	-8.713333043290276692e+01	-6.896172262257154273e+01	-5.170829348706334372e+01	-1.020790112277803843e+02	2.436130227074444576e+01	1.205390083030420101e+02	1.028341501629840167e+02
3.350000000000000000e+01	-8.351994704376154743e+01	-8.671788489874110439e+01	-6.905514439622925238e+01	-5.176595367725924035e+01	-1.040957281238867864e+02	2.398294590771771340e+01	1.200502925251783779e+02	1.019859353985558243e+02
3.400000000000000000e+01	-8.519470534078601531e+01	-8.632759877257896619e+01	-6.914694729248134308e+01	-5.182312993995368799e+01	-1.067959472577871338e+02	2.354571514726836767e+01	1.195750871331672585e+02	1.011517914978654034e+02
3.450000000000000000e+01	-8.720878934817318395e+01	-8.595993962606401340e+01	-6.923709777701175483e+01	-5.187979559948482233e+01	-1.106940799430821727e+02	2.306015667729732854e+01	1.191136616084750415e+02	1.003314370095854997e+02
3.500000000000000000e+01	-8.971680258990315338e+01	-8.561268669071444037e+01	-6.932564579210371392e+01	-5.193592524131234001e+01	-1.169490471280032864e+02	2.253470199855988909e+01	1.186650352871717615e+02	9.952462195015336022e+01
3.550000000000000000e+01	-9.293357503344127224e+01	-8.528392882286462395e+01	-6.941255844458396496e+01	-5.199149542258880530e+01	-1.286294723717736872e+02	2.197624450005935159e+01	1.182294771595973515e+02	9.873107054031885355e+01
3.600000000000000000e+01	-9.667615318871003183e+01	-8.497197026613334003e+01	-6.949788042480408023e+01	-5.204648394972473113e+01	-1.546035986707515519e+02	2.139037817611588466e+01	1.178060419187010552e+02	9.795053823600933640e+01
3.650000000000000000e+01	-9.756781382540808067e+01	-8.467534156513784183e+01	-6.958157980686428346e+01	-5.210087034008560636e+01	1.583231997357736134e+02	2.078175533016383270e+01	1.173949957099204653e+02	9.718275499782340887e+01
3.700000000000000000e+01	-9.420888645532285466e+01	-8.439272400533249652e+01	-6.966369681692532367e+01	-5.215463536090624785e+01	1.252408368543990917e+02	2.015419519259084780e+01	1.169954251947838060e+02	9.642748180343825481e+01
3.750000000000000000e+01	-9.086811496108018105e+01	-8.412296817628943302e+01	-6.974420071187940096e+01	-5.220776124536217822e+01	1.106240011188654080e+02	1.951091991486531541e+01	1.166075917612803323e+02	9.568445446716157221e+01
3.800000000000000000e+01	-8.828356095204783571e+01	-8.386503143837609286e+01	-6.982312796397440025e+01	-5.226023148305244348e+01	1.032303156263620423e+02	1.885459797592411846e+01	1.162306112063440224e+02	9.495343957481111374e+01
3.850000000000000000e+01	-8.625423034881615081e+01	-8.361800074226806601e+01	-6.990044921061601713e+01	-5.231203080110503123e+01	9.881728014474775534e+01	1.818750791124386978e+01	1.158647388889693133e+02	9.423417889049783014e+01
3.900000000000000000e+01	-8.460381015339277155e+01	-8.338103941247426576e+01	-6.997619773598800919e+01	-5.236314518868107371e+01	9.585926788147922650e+01	1.751154895502805786e+01	1.155091173196905601e+02	9.352644470880801464e+01
4.000000000000000000e+01	-8.203442334528496360e+01	-8.293443853334397886e+01	-7.012292379036298939e+01	-5.246326852731351664e+01	9.205102559733323631e+01	1.613930995932071966e+01	1.148285387642578286e+02	9.214457739051877638e+01
4.050000000000000000e+01	-8.099793398872479600e+01	-8.272351918580059760e+01	-7.019390578015988069e+01	-5.251225489457169004e+01	9.071456551011289093e+01	1.544559402022454186e+01	1.145029896898234938e+02	9.146997630950910718e+01
4.100000000000000000e+01	-8.007911323018477390e+01	-8.252009434478358685e+01	-7.026332008717415079e+01	-5.256051117501003489e+01	8.959956322784464078e+01	1.474821277946307596e+01	1.141865380190874788e+02	9.080596554949389088e+01
4.200000000000000000e+01	-7.850843256213205734e+01	-8.213378069560317840e+01	-7.039739900422493690e+01	-5.265479900418517900e+01	8.780550778211716079e+01	1.334582013691313129e+01	1.135808366706170318e+02	8.950878549844659915e+01
4.250000000000000000e+01	-7.782674709652243905e+01	-8.195001543177731662e+01	-7.046206759533308173e+01	-5.270081573540919351e+01	8.705762818368586409e+01	1.264219334464277367e+01	1.132910233121144898e+02	8.887517258873809567e+01
4.300000000000000000e+01	-7.719993215785588347e+01	-8.177198364161671407e+01	-7.052517317080641135e+01	-5.274607276158587155e+01	8.638021910009108240e+01	1.193770700654538430e+01	1.130092090225412278e+02	8.825126246478434666e+01
4.400000000000000000e+01	-7.608104535566737070e+01	-8.143175490306663278e+01	-7.064665702320614571e+01	-5.283428684608541204e+01	8.518320664816783960e+01	1.052799852724553809e+01	1.124694773888461867e+02	8.703167102400941246e+01
4.450000000000000000e+01	-7.557753632725444959e+01	-8.126893564849419249e+01	-7.070504038989372475e+01	-5.287723562881667760e+01	8.464492230906407144e+01	9.823534814499961243e+00	1.122110199706630311e+02	8.643557084584058714e+01
4.500000000000000000e+01	-7.510537242219946563e+01	-8.111060074065176195e+01	-7.076186809294951274e+01	-5.291940817023269972e+01	8.413789227717599317e+01	9.119747858451313860e+00	1.119595087895911405e+02	8.584833538017660715e+01
4.550000000000000000e+01	-7.466102050293872594e+01	-8.095650167109275230e+01	-7.081712325157953103e+01	-5.296080177469806927e+01	8.365718330759192156e+01	8.416898759477202674e+00	1.117151430613327818e+02	8.526975027959757369e+01
4.600000000000000000e+01	-7.424150581635774415e+01	-8.080639654135943317e+01	-7.087082814094618755e+01	-5.300141510293674685e+01	8.319892973832367034e+01	7.715206327196093561e+00	1.114772126986682395e+02	8.469962953504220593e+01
4.650000000000000000e+01	-7.384429716530692644e+01	-8.066007240834667869e+01	-7.092296782968037405e+01	-5.304124670151375653e+01	8.275995096596831502e+01	7.014860390904731346e+00	1.112459089482303796e+02	8.413776520394665681e+01
4.750000000000000000e+01	-7.310842251489792432e+01	-8.037795687391628974e+01	-7.102260391687177332e+01	-5.311856414471125731e+01	8.193004964716764960e+01	5.618819378546850096e+00	1.108012887286299701e+02	8.303806435183579993e+01
4.800000000000000000e+01	-7.276625703695788161e+01	-8.024180054173103827e+01	-7.107010875853961807e+01	-5.315605073505659561e+01	8.153523906746215744e+01	4.923372408735480654e+00	1.105874814240983852e+02	8.249985234429030356e+01
4.900000000000000000e+01	-7.212632176199434753e+01	-7.997847423225924501e+01	-7.116050152662531048e+01	-5.322868495337776551e+01	8.077840027106071830e+01	3.538095857167272484e+00	1.101760701360971950e+02	8.144577774261463787e+01
4.950000000000000000e+01	-7.182619508678500608e+01	-7.985100764950897201e+01	-7.120340155325435205e+01	-5.326383633514816296e+01	8.041404513770019946e+01	2.848404697157902010e+00	1.099779788360048229e+02	8.092955834533468362e+01
5.050000000000000000e+01	-7.126069741850660932e+01	-7.960379205235655320e+01	-7.128465597653845975e+01	-5.333182095587481086e+01	7.970885431148865052e+01	1.475164656348168402e+00	1.095954381281580226e+02	7.991789788015840656e+01
5.100000000000000000e+01	-7.099366653254084270e+01	-7.948380002178043924e+01	-7.132302430843955676e+01	-5.336466060254625177e+01	7.936652975680519262e+01	7.916810438532378980e-01	1.094105292885073766e+02	7.942211809497356967e+01
5.150000000000000000e+01	-7.073614751274361367e+01	-7.936607187657830309e+01	-7.135988838366175457e+01	-5.339673636178103777e+01	7.903020538399557893e+01	1.103141911610530795e-01	1.092298117214602939e+02	7.893281019180417957e+01
5.200000000000000000e+01	-7.048750540052238023e+01	-7.925049955669703650e+01	-7.139526948909286830e+01	-5.342805293254401278e+01	7.869936625315678214e+01	-5.689222425106923442e-01	1.090526792749172387e+02	7.844982383295830175e+01
5.300000000000000000e+01	-7.001460206563632482e+01	-7.902544713852785208e+01	-7.146159347491368408e+01	-5.348842570342888791e+01	7.805228640359753456e+01	-1.921000626220927598e+00	1.087090389896053892e+02	7.750216042424979435e+01
5.350000000000000000e+01	-6.978934317781802577e+01	-7.891578901452842842e+01	-7.149255598191784600e+01	-5.351749184826786632e+01	7.773525904871274861e+01	-2.593852488578657134e+00	1.085420901673763439e+02	7.703717456325202306e+01
5.450000000000000000e+01	-6.935903712108739683e+01	-7.870179822611319764e+01	-7.155014504921709317e+01	-5.357341137035099621e+01	7.711257912335919684e+01	-3.933237556862270612e+00	1.082165103639132866e+02	7.612415512866466827e+01
5.550000000000000000e+01	-6.895319242340728749e+01	-7.849442135225366712e+01	-7.160201973865423497e+01	-5.362641945105038843e+01	7.650321443716615022e+01	-5.264325501819011599e+00	1.079008798599627710e+02	7.523276399875862808e+01
5.600000000000000000e+01	-6.875862107798451461e+01	-7.839304395724221308e+01	-7.162584626201787330e+01	-5.365184752835088489e+01	7.620293448442228623e+01	-5.926815332262536096e+00	1.077462068836495632e+02	7.479482952062394929e+01
5.650000000000000000e+01	-6.856922876783488618e+01	-7.829312720366785072e+01	-7.164827603978061177e+01	-5.367656666184657155e+01	7.590530887506693603e+01	-6.587308809383044306e+00	1.075935871730694799e+02	7.436187976968156477e+01
5.700000000000000000e+01	-6.838475245866733587e+01	-7.819461005104520268e+01	-7.166933148472151061e+01	-5.370058437522882144e+01	7.561016556368845443e+01	-7.245830506213093436e+00	1.074424987033437731e+02	7.393379201805814205e+01
5.800000000000000000e+01	-6.802958672364243853e+01	-7.800156635517279824e+01	-7.170735577378907522e+01	-5.374654258457334066e+01	7.502665117488841418e+01	-8.557096638173526060e+00	1.071448170681788667e+02	7.309166186439857427e+01
5.900000000000000000e+01	-6.769136951915487543e+01	-7.781351089110530950e+01	-7.174003258566423824e+01	-5.378978061526964893e+01	7.445121274779218368e+01	-9.860881678659767502e+00	1.068516946914482304e+02	7.226742636342270032e+01
6.000000000000000000e+01	-6.736857913021547972e+01	-7.763008284636623557e+01	-7.176748169236203978e+01	-5.383035938406355569e+01	7.388284982412909585e+01	-1.115746981956833395e+01	1.065617250877633211e+02	7.146011458230222502e+01
6.050000000000000000e+01	-6.721254723998151803e+01	-7.754000212936387015e+01	-7.177928316444746315e+01	-5.384967098108398886e+01	7.360104723005805738e+01	-1.180315849365798364e+01	1.064175727122170514e+02	7.106251039624891064e+01
6.100000000000000000e+01	-6.705988773384311230e+01	-7.745095780767023541e+01	-7.178982872045810382e+01	-5.386834191110338566e+01	7.332070568980745406e+01	-1.244715587662680889e+01	1.062735640509304460e+02	7.066879634963156320e+01
6.200000000000000000e+01	-6.676413035593297707e+01	-7.727584364209418766e+01	-7.180720469427031105e+01	-5.390379299489984533e+01	7.276404089776779927e+01	-1.373024079401963782e+01	1.059859308998113931e+02	6.989258119348949094e+01
6.250000000000000000e+01	-6.662077600566873059e+01	-7.718970792772847744e+01	-7.181406932886137895e+01	-5.392058971464294359e+01	7.248755744589827543e+01	-1.436940433796265282e+01	1.058419981483519905e+02	6.950986722840613652e+01
6.350000000000000000e+01	-6.634253095219021645e+01	-7.702012422784375190e+01	-7.182424495091586891e+01	-5.395236827594893469e+01	7.193793213828293176e+01	-1.564315664688220764e+01	1.055528947581957198e+02	6.875472132470086706e+01
6.450000000000000000e+01	-6.607486636010565917e+01	-7.685393996415884033e+01	-7.182979708961742915e+01	-5.398178323853572635e+01	7.139232563495063744e+01	-1.691106528002367071e+01	1.052614008920025839e+02	6.801261900978531116e+01
6.500000000000000000e+01	-6.594475960820761884e+01	-7.677205737915406303e+01	-7.183088595361726902e+01	-5.399562604019889989e+01	7.112088322268510865e+01	-1.754291996599443593e+01	1.051143623340461488e+02	6.764622258804625687e+01
6.600000000000000000e+01	-6.569155753634008477e+01	-7.661059513513680486e+01	-7.182977669189645553e+01	-5.402162478158754055e+01	7.058044901265532189e+01	-1.880262153671739966e+01	1.048173307446035381e+02	6.692227159441370077e+01
6.700000000000000000e+01	-6.544717171443286929e+01	-7.645205702328337338e+01	-7.182441321607757345e+01	-5.404543294877142046e+01	7.004296634212050776e+01	-2.005721618337872414e+01	1.045153986117418583e+02	6.620952923143499902e+01
6.800000000000000000e+01	-6.521101920815178232e+01	-7.629628352658299661e+01	-7.181494733210425352e+01	-5.406712043692201064e+01	6.950808746902282564e+01	-2.130698763325369782e+01	1.042076754770091611e+02	6.550732056687853344e+01
6.850000000000000000e+01	-6.509586395697122896e+01	-7.621938826795557986e+01	-7.180872296712492187e+01	-5.407719059599122602e+01	6.924152468467256938e+01	-2.193015308932746521e+01	1.040514387100489984e+02	6.515996215601720110e+01
6.900000000000000000e+01	-6.498257402124535531e+01	-7.614313004283273756e+01	-7.180153237174533842e+01	-5.408675725275511326e+01	6.897550069131040118e+01	-2.255221194342096780e+01	1.038933345747743431e+02	6.481500277657178799e+01
7.000000000000000000e+01	-6.476136012244015205e+01	-7.599246543569623213e+01	-7.178432265624752517e+01	-5.410441335174017041e+01	6.844492565172126319e+01	-2.379315686864822510e+01	1.035716118240305974e+02	6.413196407317705905e+01
7.100000000000000000e+01	-6.454694549962111694e+01	-7.584417074652803592e+01	-7.176347298356017745e+01	-5.412015848835338261e+01	6.791610942329374723e+01	-2.503008139714606273e+01	1.032418044633388661e+02	6.345762264921594920e+01
7.200000000000000000e+01	-6.433893706527969414e+01	-7.569813804730380014e+01	-7.173913814978645576e+01	-5.413406207990973229e+01	6.738882322490717058e+01	-2.626323542381911835e+01	1.029032694540623822e+02	6.279142562498886804e+01
7.250000000000000000e+01	-6.423722180117292169e+01	-7.562593938398994453e+01	-7.172571149343053776e+01	-5.414034465211705793e+01	6.712568744617617256e+01	-2.687847592832391896e+01	1.027305947828443493e+02	6.246121419650554429e+01
7.350000000000000000e+01	-6.403816011811971975e+01	-7.548311892068015538e+01	-7.169643812403718641e+01	-5.415161504971442241e+01	6.660031347786308231e+01	-2.810642234444781806e+01	1.023778873528679014e+02	6.180625790350244131e+01
7.450000000000000000e+01	-6.384466486383854544e+01	-7.534233242418179088e+01	-7.166406366668481098e+01	-5.416121520679609347e+01	6.607598604175520052e+01	-2.933118196962293567e+01	1.020150941683725136e+02	6.115818364985427991e+01
7.550000000000000000e+01	-6.365644833140506620e+01	-7.520350317863480427e+01	-7.162873953055752452e+01	-5.416921248213527917e+01	6.555254161223479059e+01	-3.055297167222953192e+01	1.016417664519842532e+02	6.051653182027769873e+01
7.600000000000000000e+01	-6.356423618550241628e+01	-7.513480019051050363e+01	-7.161001847201583814e+01	-5.417263109289493883e+01	6.529110413716844619e+01	-3.116281609556990873e+01	1.014509801993635421e+02	6.019797920425662596e+01
7.700000000000000000e+01	-6.338344860166382944e+01	-7.499877854004922995e+01	-7.157054960030308166e+01	-5.417834858638678952e+01	6.476870896707016811e+01	-3.238053679191691003e+01	1.010611208860312615e+02	5.956515241809635341e+01
7.800000000000000000e+01	-6.320731735488887182e+01	-7.486455242324035453e+01	-7.152850101225766366e+01	-5.418262796169653228e+01	6.424684859346452015e+01	-3.359578833928508601e+01	1.006598218936845797e+02	5.893770393628300042e+01
7.900000000000000000e+01	-6.303562663231726759e+01	-7.473206764127266410e+01	-7.148401652310826648e+01	-5.418553349630411020e+01	6.372540471345001833e+01	-3.480875470251422144e+01	1.002468019252578557e+02	5.831525569434969469e+01
7.950000000000000000e+01	-6.295138344717863532e+01	-7.466646304456423877e+01	-7.146090492027001062e+01	-5.418649066041574969e+01	6.346480429076650864e+01	-3.541443778369091433e+01	1.000358613844131241e+02	5.800579268495373242e+01
8.050000000000000000e+01	-6.278598398017598470e+01	-7.453649993841871435e+01	-7.141303021457991917e+01	-5.418745371379188924e+01	6.294378599958328380e+01	-3.662430131301015734e+01	9.960482368644281337e+01	5.739018231134526360e+01
8.200000000000000000e+01	-6.254527423670779029e+01	-7.434459508525721105e+01	-7.133734339216223930e+01	-5.418663429448886859e+01	6.216254085763790016e+01	-3.843564590891073607e+01	9.893522681177377365e+01	5.647444606194770245e+01
8.250000000000000000e+01	-6.246692622232966130e+01	-7.428141918585700409e+01	-7.131114776414359824e+01	-5.418578725740765378e+01	6.190215818236987388e+01	-3.903858594069249932e+01	9.870587533904144095e+01	5.617109348815297665e+01
8.300000000000000000e+01	-6.238949065860695953e+01	-7.421863174637296368e+01	-7.128449571575963262e+01	-5.418466624109922236e+01	6.164177692850535095e+01	-3.964113032651448520e+01	9.847332489272707789e+01	5.586863138301162479e+01
8.450000000000000000e+01	-6.216247910040189595e+01	-7.403256612311137985e+01	-7.120196073515025148e+01	-5.417972847939856251e+01	6.086054642056095787e+01	-4.144658830432045704e+01	9.775698082172590375e+01	5.496622406721080267e+01
8.550000000000000000e+01	-6.201538288054608472e+01	-7.391040083392479687e+01	-7.114494253500082266e+01	-5.417519671690850203e+01	6.033957586183063881e+01	-4.264856739324972779e+01	9.726363094162168466e+01	5.436845434205834238e+01
8.600000000000000000e+01	-6.194306082353976706e+01	-7.384987220975969535e+01	-7.111587995802184992e+01	-5.417258007397150266e+01	6.007902401581242202e+01	-4.324910310359157961e+01	9.701218411070898640e+01	5.407063047450581195e+01
8.700000000000000000e+01	-6.180079478622250377e+01	-7.372990997125779700e+01	-7.105672192097304674e+01	-5.416667865342859045e+01	5.955775299455709870e+01	-4.444934480441406066e+01	9.649988279673466707e+01	5.347695762552532983e+01
8.850000000000000000e+01	-6.159313399452611293e+01	-7.355266639622611535e+01	-7.096561455329451462e+01	-5.415625763564014505e+01	5.877534317115753026e+01	-4.624782366960030089e+01	9.570781969581217652e+01	5.259099593364912550e+01
8.900000000000000000e+01	-6.152539187130474829e+01	-7.349429605077293104e+01	-7.093466791439682595e+01	-5.415239222098023220e+01	5.851438553917402885e+01	-4.684686094763773667e+01	9.543747508247429323e+01	5.229679108996263892e+01
9.000000000000000000e+01	-6.139205135904143162e+01	-7.337861074423227592e+01	-7.087198980847162488e+01	-5.414411133965763412e+01	5.799221007716489140e+01	-4.804432755077527162e+01	9.488747447812728808e+01	5.170991124461598076e+01
9.150000000000000000e+01	-6.119722960405893275e+01	-7.320769562817289966e+01	-7.077620183719221814e+01	-5.413040930032870790e+01	5.720824027849694460e+01	-4.983915669559331718e+01	9.403923181260891795e+01	5.083310396165312994e+01
9.200000000000000000e+01	-6.113362978329470110e+01	-7.315141459156001247e+01	-7.074384934598732855e+01	-5.412552517674193098e+01	5.694671576379585787e+01	-5.043710337647146247e+01	9.375029239689135352e+01	5.054169441480522806e+01
9.250000000000000000e+01	-6.107068323992236003e+01	-7.309547714243350924e+01	-7.071130668426125965e+01	-5.412049199708509661e+01	5.668508505865351310e+01	-5.103490450880895679e+01	9.345835622079955840e+01	5.025068055363986019e+01
9.400000000000000000e+01	-6.088566808729049029e+01	-7.292971311582883231e+01	-7.061264617132738408e+01	-5.410455975305830378e+01	5.589953764292876315e+01	-5.282748799428107844e+01	9.256428627350335603e+01	4.937986329767729643e+01
9.500000000000000000e+01	-6.076542052236023039e+01	-7.282090185714885422e+01	-7.054612680547022308e+01	-5.409330010604545436e+01	5.537527345107362464e+01	-5.402194020562512833e+01	9.195331117906501106e+01	4.880100966864096534e+01
9.550000000000000000e+01	-6.070619953945449510e+01	-7.276700334185544250e+01	-7.051267664048103256e+01	-5.408749525078511766e+01	5.511296708058800675e+01	-5.461900637209255649e+01	9.164342257454073604e+01	4.851204564336266856e+01
9.700000000000000000e+01	-6.053205095581616746e+01	-7.260732770697731553e+01	-7.041168480577755417e+01	-5.406944663807432505e+01	5.432534211347457642e+01	-5.640962072926041060e+01	9.069620194691482595e+01	4.764685663962928430e+01
9.800000000000000000e+01	-6.041880388510850963e+01	-7.250255593694066647e+01	-7.034392535570356131e+01	-5.405693699839186195e+01	5.379966495662494452e+01	-5.760293280642902403e+01	9.005041441658909207e+01	4.707136002249625761e+01
9.850000000000000000e+01	-6.036301406683007542e+01	-7.245067251472748637e+01	-7.030994591655212389e+01	-5.405055404458562407e+01	5.353664781115199389e+01	-5.819947371798038205e+01	8.972331543389078945e+01	4.678396714546573776e+01
1.005000000000000000e+02	-6.014525462837334402e+01	-7.224648128692513183e+01	-7.017357144224318688e+01	-5.402428427760789020e+01	5.248340124089759229e+01	-6.058493203393674520e+01	8.838720954976010091e+01	4.563655697192812966e+01
1.010000000000000000e+02	-6.009213250058135003e+01	-7.219626823994407516e+01	-7.013940795745267565e+01	-5.401755600749752517e+01	5.221979918117767028e+01	-6.118113372155951168e+01	8.804638380320032809e+01	4.535020288029846824e+01
1.020000000000000000e+02	-5.998742661128299858e+01	-7.209684345609611000e+01	-7.007105916248148958e+01	-5.400393785316303763e+01	5.169225427879577950e+01	-6.237336039641208885e+01	8.735682357683565158e+01	4.477803829297124594e+01
1.035000000000000000e+02	-5.983412785533082712e+01	-7.195020921439571282e+01	-6.996859980540322965e+01	-5.398317348317414144e+01	5.090011045119237565e+01	-6.416126982088022146e+01	8.630302671688798455e+01	4.392106261945033907e+01
1.040000000000000000e+02	-5.978400906866326636e+01	-7.190199870810347704e+01	-6.993449359892794348e+01	-5.397617956883708246e+01	5.063585016040973130e+01	-6.475712482722377672e+01	8.594665095522451281e+01	4.363572323314831891e+01
1.050000000000000000e+02	-5.968521123325616173e+01	-7.180657994643367203e+01	-6.986639959145050227e+01	-5.396210695691742387e+01	5.010702393230066320e+01	-6.594866822660291916e+01	8.522647969703761817e+01	4.306549286407699384e+01
1.065000000000000000e+02	-5.954053976232791001e+01	-7.166595962364236527e+01	-6.976465815924997571e+01	-5.394084652009694025e+01	4.931306043355090907e+01	-6.773555000974263862e+01	8.412801923820926220e+01	4.221121943791992948e+01
1.070000000000000000e+02	-5.949323707240128556e+01	-7.161975565973131097e+01	-6.973087692837469831e+01	-5.393373504069578672e+01	4.904822456871031022e+01	-6.833105452428053184e+01	8.375709783524614238e+01	4.192673760175411246e+01
1.085000000000000000e+02	-5.935402902071906794e+01	-7.148315578512288937e+01	-6.963002911133210660e+01	-5.391237655344529855e+01	4.825321630192570410e+01	-7.011718455423594776e+01	8.263057754648465902e+01	4.107408567375028952e+01
1.095000000000000000e+02	-5.926343089015344390e+01	-7.139376836247356550e+01	-6.956326896838889695e+01	-5.389815376648918743e+01	4.772282906787452106e+01	-7.130758774497189734e+01	8.186832384241617433e+01	4.050630388981559804e+01
1.100000000000000000e+02	-5.921878162554450853e+01	-7.134957922478599812e+01	-6.953004754989991909e+01	-5.389105766363847039e+01	4.745753216641975314e+01	-7.190267434489990706e+01	8.148390100182997742e+01	4.022260765336590538e+01
1.120000000000000000e+02	-5.904442477718447435e+01	-7.117619365999289016e+01	-6.939836042221151047e+01	-5.386284882083454306e+01	4.639574805026769155e+01	-7.428218401234978785e+01	7.992509921073586554e+01	3.908911682548168187e+01
1.125000000000000000e+02	-5.900187679007967745e+01	-7.113369152154427866e+01	-6.936576514348539035e+01	-5.385585611492551550e+01	4.613017405386996472e+01	-7.487683169010418283e+01	7.953026847641886832e+01	3.880607163668851456e+01
1.135000000000000000e+02	-5.891800502096371872e+01	-7.104970245864049616e+01	-6.930099921283708397e+01	-5.384196373287609561e+01	4.559890394119387480e+01	-7.606581531026105836e+01	7.873461203216311333e+01	3.824038589878502137e+01
1.150000000000000000e+02	-5.879520594165120428e+01	-7.092626151540643775e+01	-6.920498784957077021e+01	-5.382139938011107461e+01	4.480176315780622787e+01	-7.784843957414986448e+01	7.752664856823359685e+01	3.739289582831443681e+01
1.155000000000000000e+02	-5.875506177032530530e+01	-7.088579376256342357e+01	-6.917330739593059263e+01	-5.381462828090264594e+01	4.453600590589483232e+01	-7.844240058153916095e+01	7.712027402291121803e+01	3.711068471441448935e+01
1.170000000000000000e+02	-5.863695095423753401e+01	-7.076643219040120414e+01	-6.907928940027633757e+01	-5.379460388038239671e+01	4.373867430903597864e+01	-8.022344917082975257e+01	7.589029977827290452e+01	3.626495401833144427e+01
1.180000000000000000e+02	-5.856011405032233341e+01	-7.068856187927460155e+01	-6.901750857298993935e+01	-5.378151866981349372e+01	4.320712154198193389e+01	-8.141006023906176381e+01	7.506162490011315924e+01	3.570191717928035047e+01
1.190000000000000000e+02	-5.848477203740068120e+01	-7.061205714663088884e+01	-6.895648197781234501e+01	-5.376866680791646047e+01	4.267561985386750223e+01	-8.259600369919985496e+01	7.422626541538930667e+01	3.513954282312205635e+01
1.205000000000000000e+02	-5.837451130925310849e+01	-7.049986434658620738e+01	-6.886642123098508250e+01	-5.374986451111978170e+01	4.187855889649921437e+01	-8.437354203821784893e+01	7.296121877726157834e+01	3.429729675787029919e+01
1.210000000000000000e+02	-5.833848047594727859e+01	-7.046315137344605262e+01	-6.883680767127535205e+01	-5.374373246445523478e+01	4.161294547218247430e+01	-8.496565577658196844e+01	7.253643364144539873e+01	3.401691785023839287e+01
1.230000000000000000e+02	-5.819789821450667944e+01	-7.031972662916996342e+01	-6.872048347124355416e+01	-5.371993038438561996e+01	4.055101073930305233e+01	-8.733191606739363522e+01	7.082267339271335516e+01	3.289737638526020191e+01
1.235000000000000000e+02	-5.816362473392332078e+01	-7.028472783913534272e+01	-6.869195004113478831e+01	-5.371417039793003312e+01	4.028568574860941709e+01	-8.792289125395123506e+01	7.039072145615872955e+01	3.261801060359543669e+01
1.250000000000000000e+02	-5.806285638326185961e+01	-7.018179078389356107e+01	-6.860770278203352746e+01	-5.369737585209332309e+01	3.949018581829703578e+01	-8.969425820206713240e+01	6.908682947259872265e+01	3.178125043175208830e+01
1.260000000000000000e+02	-5.799736255265113982e+01	-7.011488245764245164e+01	-6.855269559920951394e+01	-5.368659867889452642e+01	3.896030731178101547e+01	-9.087378654360433927e+01	6.821119493828004465e+01	3.122457988903762072e+01
1.265000000000000000e+02	-5.796511380795539736e+01	-7.008194319674240091e+01	-6.852554751379707909e+01	-5.368134006496148203e+01	3.869552229565239543e+01	-9.146310955348816663e+01	6.777155708247624943e+01	3.094661276247177639e+01
1.285000000000000000e+02	-5.783938458215271083e+01	-6.995361826208987566e+01	-6.841936743152785994e+01	-5.366120521852654690e+01	3.763755060416806941e+01	-9.381723431971494165e+01	6.600141751805290369e+01	2.983734392260002721e+01
1.290000000000000000e+02	-5.780875702963578533e+01	-6.992239464766007018e+01	-6.839343606002516651e+01	-5.365640256726215540e+01	3.737337969936805138e+01	-9.440492660170529859e+01	6.555612389137831997e+01	2.956070743319710203e+01
1.305000000000000000e+02	-5.771876904306538592e+01	-6.983077971379921678e+01	-6.831715236055690355e+01	-5.364256593389007577e+01	3.658173521536763673e+01	-9.616584214442742962e+01	6.421410998749819043e+01	2.873253001378149918e+01
1.315000000000000000e+02	-5.766033362550882657e+01	-6.977141468553347181e+01	-6.826756892549310862e+01	-5.363382845684803613e+01	3.605475559960380139e+01	-9.733788337138260260e+01	6.331455735802758511e+01	2.818192032630836508e+01
1.330000000000000000e+02	-5.757497138446429119e+01	-6.968492986385309962e+01	-6.819513466500941945e+01	-5.362147079153250218e+01	3.526557983661394502e+01	-9.909289351403144508e+01	6.195844275857682959e+01	2.735839739688955774e+01
1.340000000000000000e+02	-5.751956529742602697e+01	-6.962897834638519612e+01	-6.814815735779704653e+01	-5.361374043981221149e+01	3.474039363906417321e+01	-1.002607500063944599e+02	6.105015589788865782e+01	2.681105168303324859e+01
1.350000000000000000e+02	-5.746534107914132505e+01	-6.957438770262700700e+01	-6.810224147673979189e+01	-5.360642321969422142e+01	3.421600657598033735e+01	-1.014267915211806610e+02	6.013873576971458590e+01	2.626510232079296259e+01
1.365000000000000000e+02	-5.738618425337028839e+01	-6.949504636718418737e+01	-6.803537901348691719e+01	-5.359623234791426682e+01	3.343102479689563467e+01	-1.031722734539994093e+02	5.876617790139017217e+01	2.544890941492529635e+01
1.370000000000000000e+02	-5.736037164079158401e+01	-6.946927614965966313e+01	-6.801363044027981175e+01	-5.359304709009209233e+01	3.316981328359868542e+01	-1.037531039744115731e+02	5.830730046379177622e+01	2.517759952527435985e+01
1.390000000000000000e+02	-5.725993199681176549e+01	-6.936956580980971410e+01	-6.792936510720591059e+01	-5.358137404575272456e+01	3.212736062424755801e+01	-1.060711773187952360e+02	5.646571772538494827e+01	2.409629960572959462e+01
1.395000000000000000e+02	-5.723551480095669319e+01	-6.934547810604496476e+01	-6.790898484679462399e+01	-5.357872451632903221e+01	3.186737311733116229e+01	-1.066493322576669271e+02	5.600392292008822892e+01	2.382699107610077149e+01
1.415000000000000000e+02	-5.714055794955368128e+01	-6.925246918163860244e+01	-6.783021935146875592e+01	-5.356921051730495975e+01	3.083008599241393810e+01	-1.089561865962249527e+02	5.415180670107361749e+01	2.275401001113472432e+01
1.420000000000000000e+02	-5.711748701765016278e+01	-6.923004912866144878e+01	-6.781121943103060801e+01	-5.356710392502228757e+01	3.057145592570751091e+01	-1.095314080501259326e+02	5.368765914089767222e+01	2.248685831052584660e+01
1.435000000000000000e+02	-5.704984735033760757e+01	-6.916477443493435828e+01	-6.775589178829565640e+01	-5.356143731507123817e+01	2.979730676544562229e+01	-1.112533336645904996e+02	5.229292567959728899e+01	2.168812189499740839e+01
1.445000000000000000e+02	-5.700604633963696699e+01	-6.912290518837775721e+01	-6.772039910186884981e+01	-5.355820487341252090e+01	2.928270744685815075e+01	-1.123980655805247721e+02	5.136139495630452245e+01	2.115795491236164594e+01
1.460000000000000000e+02	-5.694224564261426735e+01	-6.906255600287875041e+01	-6.766925241977482131e+01	-5.355417348697109503e+01	2.851315406116657414e+01	-1.141101370034351419e+02	4.996196973534372177e+01	2.036630281868809789e+01
1.470000000000000000e+02	-5.690095755773307218e+01	-6.902394957166984568e+01	-6.763655172359089818e+01	-5.355202935158090582e+01	2.800173589151106768e+01	-1.152480531566678508e+02	4.902785252689173490e+01	1.984099697927183215e+01
1.480000000000000000e+02	-5.686064907472393060e+01	-6.898663585466620418e+01	-6.760496808031105331e+01	-5.355031860070642580e+01	2.749165320422540049e+01	-1.163831065759740113e+02	4.809299218232900586e+01	1.931771004690965299e+01
1.495000000000000000e+02	-5.680199169592939512e+01	-6.893307244994139182e+01	-6.755968610834776200e+01	-5.354856111487026737e+01	2.672910798124344467e+01	-1.180801523172266201e+02	4.668966474302840908e+01	1.853665338322081624e+01
1.505000000000000000e+02	-5.676406968654667651e+01	-6.889895685380894008e+01	-6.753089030939727877e+01	-5.354792565298191676e+01	2.622251170236856410e+01	-1.192077160337915274e+02	4.575364665320926605e+01	1.801858807731803580e+01
1.520000000000000000e+02	-5.670892609655211203e+01	-6.885015282074571985e+01	-6.748977932568516280e+01	-5.354777037509712301e+01	2.546534668119552691e+01	-1.208931767080192259e+02	4.434930420444526078e+01	1.724554119671685015e+01
1.530000000000000000e+02	-5.667330321262278403e+01	-6.881918373761885732e+01	-6.746375746859017397e+01	-5.354819431130607654e+01	2.496243328022603336e+01	-1.220127888913625895e+02	4.341308791685802504e+01	1.673292846883063234e+01
1.545000000000000000e+02	-5.662154421232679624e+01	-6.877505823879621971e+01	-6.742679402730964000e+01	-5.354961318917510482e+01	2.421092931014648997e+01	-1.236859875515797285e+02	4.200914391728707642e+01	1.596822011497859606e+01
1.550000000000000000e+02	-5.660473128667872800e+01	-6.876096610390663955e+01	-6.741502124552002329e+01	-5.355029339677709999e+01	2.396120587811185132e+01	-1.242420265058141666e+02	4.154133030790289638e+01	1.571445587510750741e+01
1.570000000000000000e+02	-5.653963587526238399e+01	-6.870764699692392696e+01	-6.737066603416883481e+01	-5.355403592203128227e+01	2.296628706463904379e+01	-1.264574916845381694e+02	3.967140238614543790e+01	1.470518979437950868e+01
1.575000000000000000e+02	-5.652389296929261064e+01	-6.869507350554137304e+01	-6.736025799484407628e+01	-5.355522440742674917e+01	2.271856630920944298e+01	-1.270091439922339447e+02	3.920433517345497165e+01	1.445433828452241087e+01
1.595000000000000000e+02	-5.646299724366325279e+01	-6.864776792734988931e+01	-6.732132089001194686e+01	-5.356097460664868493e+01	2.173180499385890130e+01	-1.292066534483620330e+02	3.733819242262793381e+01	1.345688798471713277e+01
1.600000000000000000e+02	-5.644828442293471937e+01	-6.863668225165898207e+01	-6.731225660358400376e+01	-5.356265835555176835e+01	2.148615850267902161e+01	-1.297537169616067558e+02	3.687226718044091456e+01	1.320902906240358732e+01
1.620000000000000000e+02	-5.639143112798696222e+01	-6.859526269732580772e+01	-6.727866181070437790e+01	-5.357035910944031087e+01	2.050782306779290565e+01	-1.319324918799963484e+02	3.501148040179224097e+01	1.222368951632631351e+01
1.625000000000000000e+02	-5.637770970819589422e+01	-6.858563195111587163e+01	-6.727092434842067803e+01	-5.357252265789399104e+01	2.026431352082943249e+01	-1.324747792612113813e+02	3.454708539924329358e+01	1.197889096036674417e+01
1.645000000000000000e+02	-5.632474698107899513e+01	-6.854996560255989380e+01	-6.724258538891635339e+01	-5.358211239074038446e+01	1.929463766518881229e+01	-1.346340892886611300e+02	3.269312474915944478e+01	1.100590764317231240e+01
1.650000000000000000e+02	-5.631197971807797131e+01	-6.854175630642214401e+01	-6.723614860955868267e+01	-5.358474045741579062e+01	1.905331931252353428e+01	-1.351714229408363792e+02	3.223060843329763969e+01	1.076422436080557432e+01
1.670000000000000000e+02	-5.626276119129754960e+01	-6.851170586746999902e+01	-6.721296990206576538e+01	-5.359615430887832588e+01	1.809250381951589404e+01	-1.373105877708914875e+02	3.038484748504007626e+01	9.803794313803079419e+00
1.680000000000000000e+02	-5.623924259323990782e+01	-6.849833311631707033e+01	-6.720290509163913839e+01	-5.360239310818278113e+01	1.761479439516384815e+01	-1.383739798497547895e+02	2.946472437576313652e+01	9.327381636497237949e+00
1.695000000000000000e+02	-5.620529703672876565e+01	-6.848030738358671954e+01	-6.718969018228845869e+01	-5.361240074196625471e+01	1.690163779239715325e+01	-1.399611948500975416e+02	2.808826342050013025e+01	8.617544039656323207e+00
1.705000000000000000e+02	-5.618353920047958638e+01	-6.846962910390510615e+01	-6.718212114676683200e+01	-5.361949764765127213e+01	1.642848792823241766e+01	-1.410140221936675857e+02	2.717324127024120628e+01	8.147518332502963645e+00
1.720000000000000000e+02	-5.615218489061379614e+01	-6.845559092478411856e+01	-6.717260626457155581e+01	-5.363076699403458036e+01	1.572222005982559878e+01	-1.425851795407904774e+02	2.580486266804573958e+01	7.447295075706175105e+00
1.730000000000000000e+02	-5.613212192283786806e+01	-6.844753445509967094e+01	-6.716747625497474417e+01	-5.363868769626854061e+01	1.525369263781976414e+01	-1.436271678249285912e+02	2.489550799581856921e+01	6.983697154675654772e+00
1.745000000000000000e+02	-5.610326209602466463e+01	-6.843737379433324008e+01	-6.716157738364691454e+01	-5.365116674797925356e+01	1.455439852443927329e+01	-1.451818755339912457e+02	2.353603135668629065e+01	6.293135144355864519e+00
1.760000000000000000e+02	-5.607585429818645650e+01	-6.842948674272447818e+01	-6.715780255914887675e+01	-5.366434741956737042e+01	1.385932224479476815e+01	-1.467265398975173980e+02	2.218225975362750546e+01	5.608379742254128608e+00
1.770000000000000000e+02	-5.605837305647145286e+01	-6.842547190582298811e+01	-6.715645100660593414e+01	-5.367351506770133085e+01	1.339829182754298387e+01	-1.477506771055326737e+02	2.128304339790973643e+01	5.155103001556111231e+00
1.785000000000000000e+02	-5.603331366296741578e+01	-6.842128469956335834e+01	-6.715614628616174286e+01	-5.368782392844887852e+01	1.271029051885432715e+01	-1.492783400846416271e+02	1.993934853693209064e+01	4.480025561990700567e+00
1.795000000000000000e+02	-5.601736901600429519e+01	-6.841969931819622275e+01	-6.715707593936546971e+01	-5.369772718013897617e+01	1.225399277604536685e+01	-1.502910403015013401e+02	1.904707374007631060e+01	4.033195436906561682e+00
1.815000000000000000e+02	-5.598726737328114211e+01	-6.841936940477140183e+01	-6.716160941743355295e+01	-5.371838357495945360e+01	1.134710292113678953e+01	-1.523025266329986493e+02	1.727127697668709772e+01	3.147251019367478531e+00
1.820000000000000000e+02	-5.598010803338723917e+01	-6.841987015433018371e+01	-6.716329176816815050e+01	-5.372372108901999610e+01	1.112157161476564937e+01	-1.528024789756567259e+02	1.682919798533045608e+01	2.927368759763889106e+00
1.840000000000000000e+02	-5.595290302455981646e+01	-6.842416084793265441e+01	-6.717218387868767593e+01	-5.374574490922223902e+01	1.022422159499510030e+01	-1.547905143160288617e+02	1.506858860920375420e+01	2.054235218641099259e+00
1.845000000000000000e+02	-5.594645467334476763e+01	-6.842579802324979710e+01	-6.717494108685757226e+01	-5.375141620113532070e+01	1.000107932907583752e+01	-1.552845644257139668e+02	1.463039881805755904e+01	1.837546527000769592e+00
1.865000000000000000e+02	-5.592204253989184792e+01	-6.843456088827981887e+01	-6.718806240471609215e+01	-5.377474531084347120e+01	9.113298070045672716e+00	-1.572488447985572293e+02	1.288569931077379316e+01	9.771402728006028937e-01
1.870000000000000000e+02	-5.591627988040415431e+01	-6.843729776407602117e+01	-6.719185936540525006e+01	-5.378073558312392777e+01	8.892550595159057991e+00	-1.577369218042326509e+02	1.245157231557737987e+01	7.636205872240353631e-01
1.890000000000000000e+02	-5.589456172887266661e+01	-6.845038523050061485e+01	-6.720907968603498261e+01	-5.380531025535634626e+01	8.014356059525608700e+00	-1.596771850888366941e+02	1.072343860555113082e+01	-8.416281816643332581e-02
1.900000000000000000e+02	-5.588448899686839155e+01	-6.845819262971619423e+01	-6.721888951520337230e+01	-5.381795801877247243e+01	7.578137187207997449e+00	-1.606400589896973656e+02	9.864479992621319582e+00	-5.042951111723470436e-01
1.915000000000000000e+02	-5.587034216488513039e+01	-6.847145048982436322e+01	-6.723507506900413944e+01	-5.383736757087461200e+01	6.927407979864935506e+00	-1.620752523663013278e+02	8.582552267936987889e+00	-1.129823348598913091e+00
1.930000000000000000e+02	-5.585732865169573813e+01	-6.848652997611635840e+01	-6.725299237738126124e+01	-5.385728996480928998e+01	6.280997909341891727e+00	-1.634994618730497109e+02	7.308565084616410523e+00	-1.749781374792173105e+00
1.940000000000000000e+02	-5.584927096323919216e+01	-6.849757569694574499e+01	-6.726588305114643163e+01	-5.387084926778570093e+01	5.852457165154519636e+00	-1.644428112220906826e+02	6.463716281742217795e+00	-2.160010908718095646e+00
1.960000000000000000e+02	-5.583460823682347751e+01	-6.852199846353276769e+01	-6.729388666165810662e+01	-5.389861615491932412e+01	5.001132335809717055e+00	-1.663147627134142681e+02	4.784928875297822515e+00	-2.973142494155486482e+00
1.965000000000000000e+02	-5.583124035050996525e+01	-6.852858152264344938e+01	-6.730134355453606076e+01	-5.390568994033530004e+01	4.789500057328451632e+00	-1.667796710048994555e+02	4.367529319527908349e+00	-3.174907564543640426e+00
1.985000000000000000e+02	-5.581893576935101464e+01	-6.855678161222007816e+01	-6.733295196629913448e+01	-5.393449963819978876e+01	3.947764037312855301e+00	-1.686269546718668266e+02	2.707251369799887009e+00	-3.975946348539590058e+00
1.990000000000000000e+02	-5.581614741001833124e+01	-6.856429162744814221e+01	-6.734129289425932541e+01	-5.394182835278421351e+01	3.738527811256651567e+00	-1.690856837640406525e+02	2.294531254558836331e+00	-4.174708764231406022e+00
2.010000000000000000e+02	-5.580612185387962398e+01	-6.859612968277923528e+01	-6.737637802212880445e+01	-5.397163394558390337e+01	2.906370796754247809e+00	-1.709082100243032016e+02	6.531463705591964430e-01	-4.963816251243821753e+00
2.025000000000000000e+02	-5.579976584973837817e+01	-6.862185801022070564e+01	-6.740446212094182954e+01	-5.399449137072910787e+01	2.287276882368081132e+00	-1.722620795483293819e+02	-5.678254882963401640e-01	-5.549455124620680024e+00
2.035000000000000000e+02	-5.579607131894778149e+01	-6.863987080396411500e+01	-6.742400835692922101e+01	-5.400996296297802246e+01	1.876937967474597402e+00	-1.731584505845045499e+02	-1.376965104778397953e+00	-5.936958128966969284e+00
2.055000000000000000e+02	-5.578995906080065481e+01	-6.867791342297367407e+01	-6.746503316530406380e+01	-5.404145107861076269e+01	1.061992121982819448e+00	-1.749362831664464863e+02	-2.983525358726022425e+00	-6.705009605291649244e+00
2.060000000000000000e+02	-5.578869288295918949e+01	-6.868783660579042305e+01	-6.747568421910565917e+01	-5.404943437846097254e+01	8.594489938412731567e-01	-1.753776346731017100e+02	-3.382707253523228985e+00	-6.895583822829248533e+00
2.080000000000000000e+02	-5.578465493826186616e+01	-6.872913957841886656e+01	-6.751983493447471574e+01	-5.408180030949675654e+01	5.404560129155579901e-02	-1.771306143303197871e+02	-4.969542845971168354e+00	-7.652174605176719879e+00
2.090000000000000000e+02	-5.578324255196302772e+01	-6.875073916113355210e+01	-6.754281994933700162e+01	-5.409823783709793332e+01	-3.457966939753919222e-01	-1.779996510606332834e+02	-5.756991460094892155e+00	-8.027070827612643455e+00
2.105000000000000000e+02	-5.578186722694291433e+01	-6.878429466796728775e+01	-6.757840782357526166e+01	-5.412320399511239088e+01	-9.419891907090911509e-01	-1.792938962876924052e+02	-6.930659998226428087e+00	-8.585203929709683379e+00
2.120000000000000000e+02	-5.578136817802282366e+01	-6.881920723273431406e+01	-6.761529795105221297e+01	-5.414853372621311678e+01	-1.533900161648206639e+00	1.794230194191009389e+02	-8.095275468894607585e+00	-9.138324910896646003e+00
2.130000000000000000e+02	-5.578151374474818169e+01	-6.884321934970266454e+01	-6.764059986220958365e+01	-5.416561744721241922e+01	-1.926130823051415586e+00	1.785738233498366299e+02	-8.866638114336506504e+00	-9.504309432171885064e+00
2.150000000000000000e+02	-5.578293009121114210e+01	-6.889296801275457938e+01	-6.769286114175304192e+01	-5.420024631882733956e+01	-2.704893621624355760e+00	1.768902708548679641e+02	-1.039719627430084437e+01	-1.022970783396724670e+01
2.155000000000000000e+02	-5.578351498272360942e+01	-6.890575723156844390e+01	-6.770626542025019035e+01	-5.420899768864256885e+01	-2.898397999889250620e+00	1.764724699154352550e+02	-1.077729570790116576e+01	-1.040969779491996938e+01
2.175000000000000000e+02	-5.578675953727483261e+01	-6.895828640173355950e+01	-6.776120049729709649e+01	-5.424437084816315746e+01	-3.667674917630334708e+00	1.748135867232995224e+02	-1.228748652622864590e+01	-1.112427032690760065e+01
2.190000000000000000e+02	-5.579012642575054315e+01	-6.899909058720064081e+01	-6.780375530560479547e+01	-5.427127789948927017e+01	-4.239659276785416431e+00	1.735823330683650170e+02	-1.340939375089159569e+01	-1.165458684423879809e+01
2.200000000000000000e+02	-5.579280667432548313e+01	-6.902694576688899986e+01	-6.783275332845489913e+01	-5.428939094158838685e+01	-4.618616271270766127e+00	1.727676279100278123e+02	-1.415221090165702655e+01	-1.200548174648124089e+01
2.220000000000000000e+02	-5.579919188070282132e+01	-6.908418011380270229e+01	-6.789221642199800044e+01	-5.432602662950549899e+01	-5.370857879960392545e+00	1.711528866734938390e+02	-1.562553215019147501e+01	-1.270096944342379430e+01
2.225000000000000000e+02	-5.580099832123630677e+01	-6.909879945741779750e+01	-6.790738182219186569e+01	-5.433526914786271789e+01	-5.557737480657601203e+00	1.707522499551593569e+02	-1.599129693200900171e+01	-1.287353705956254579e+01
2.245000000000000000e+02	-5.580904773400975216e+01	-6.915848625867093347e+01	-6.796920642684415270e+01	-5.437256576141989939e+01	-6.300537856634096379e+00	1.691618537323269607e+02	-1.744406950244252030e+01	-1.355863834398887313e+01
2.255000000000000000e+02	-5.581355882349754438e+01	-6.918903957291882989e+01	-6.800080249831603396e+01	-5.439140599798513165e+01	-6.669109641043282188e+00	1.683739255257504794e+02	-1.816428704624105350e+01	-1.389810755577216206e+01
2.270000000000000000e+02	-5.582092105301800444e+01	-6.923573217276762648e+01	-6.804902721219869477e+01	-5.441990029112598393e+01	-7.218435892175135926e+00	1.672010849645145356e+02	-1.923690017308668487e+01	-1.440349298665750943e+01
2.290000000000000000e+02	-5.583182634158860935e+01	-6.929955354710710935e+01	-6.811483477545490928e+01	-5.445831815557339439e+01	-7.944286820967399798e+00	1.656541245301702077e+02	-2.065266627581326730e+01	-1.507027210290760166e+01
2.295000000000000000e+02	-5.583474354546756047e+01	-6.931578111664617836e+01	-6.813154934680366637e+01	-5.446799683660219671e+01	-8.124575132229642449e+00	1.652703777656519435e+02	-2.100404257677868713e+01	-1.523571394162677883e+01
2.315000000000000000e+02	-5.584716002481844299e+01	-6.938174903542561367e+01	-6.819942530297991823e+01	-5.450700134456879908e+01	-8.841037050344311865e+00	1.637473074695501509e+02	-2.239928083651257751e+01	-1.589251415310471316e+01
2.330000000000000000e+02	-5.585724277388683845e+01	-6.943230635999853462e+01	-6.825137403401026859e+01	-5.453655186260274235e+01	-9.373463709214432171e+00	1.626174645053044685e+02	-2.343495083141258561e+01	-1.637993622220156453e+01
2.340000000000000000e+02	-5.586432368845176200e+01	-6.946651081860969157e+01	-6.828648821106797584e+01	-5.455638997476966523e+01	-9.726075507540992149e+00	1.618701396966233403e+02	-2.412028622374541342e+01	-1.670243845320897336e+01
2.360000000000000000e+02	-5.587932892063727763e+01	-6.953608265600882987e+01	-6.835783728810719140e+01	-5.459638831359760758e+01	-1.042569364021552758e+01	1.603895848890628315e+02	-2.547871318664403972e+01	-1.734162141057798578e+01
2.365000000000000000e+02	-5.588325298249849027e+01	-6.955371208443173714e+01	-6.837590276860871086e+01	-5.460645357140347045e+01	-1.059943186133340909e+01	1.600223704899807728e+02	-2.581577640703332577e+01	-1.750021166089485902e+01
2.385000000000000000e+02	-5.589962524936962041e+01	-6.962514674166430950e+01	-6.844904698190967451e+01	-5.464697075529309700e+01	-1.128972781201106912e+01	1.585651428883138578e+02	-2.715386443665501659e+01	-1.812979223549934105e+01
2.400000000000000000e+02	-5.591260040175064461e+01	-6.967965861116071835e+01	-6.850480663012545790e+01	-5.467762099172450263e+01	-1.180256807497782034e+01	1.574843715392727859e+02	-2.814679402280721021e+01	-1.859699283170090922e+01
2.410000000000000000e+02	-5.592157455209768813e+01	-6.971643132914158514e+01	-6.854239565143302571e+01	-5.469817594495096102e+01	-1.214214152596047924e+01	1.567696085117630389e+02	-2.880370177002671639e+01	-1.890610467131769923e+01
2.430000000000000000e+02	-5.594028314265238322e+01	-6.979097905507266830e+01	-6.861853924480254818e+01	-5.473956939601323768e+01	-1.281573203662851590e+01	1.553537998963643645e+02	-3.010544894707205543e+01	-1.951872101471096954e+01
2.440000000000000000e+02	-5.595000991587399142e+01	-6.982873950802074603e+01	-6.865707972719206964e+01	-5.476040435646038418e+01	-1.314975459548301373e+01	1.546527156551991311e+02	-3.075030938051034468e+01	-1.982224512067571354e+01
2.455000000000000000e+02	-5.596505500057904925e+01	-6.988596827091983243e+01	-6.871545705339596566e+01	-5.479182462248508756e+01	-1.364733070135998361e+01	1.536095591305798962e+02	-3.171011746675185350e+01	-2.027407811342367339e+01
2.475000000000000000e+02	-5.598594464408945726e+01	-6.996333432262812835e+01	-6.879431467437018455e+01	-5.483402267561394439e+01	-1.430432730344045211e+01	1.522343873904261500e+02	-3.297594847546073993e+01	-2.087012748759122616e+01
2.480000000000000000e+02	-5.599131209479401861e+01	-6.998285957374784516e+01	-6.881420568659544301e+01	-5.484462514928385701e+01	-1.446742947448185745e+01	1.518933813899305960e+02	-3.328993014101137504e+01	-2.101800608737416809e+01
2.500000000000000000e+02	-5.601334827913247238e+01	-7.006166991869669403e+01	-6.889445335274731974e+01	-5.488724016237163283e+01	-1.511526288324913203e+01	1.505404287787665112e+02	-3.453602163139516534e+01	-2.160501800082239399e+01
2.515000000000000000e+02	-5.603045743725736827e+01	-7.012149932901211002e+01	-6.895533356803750280e+01	-5.491941109203996518e+01	-1.559634649543827045e+01	1.495372641364935475e+02	-3.546030292610262791e+01	-2.204058290007713694e+01
2.525000000000000000e+02	-5.604213396711300277e+01	-7.016171702532822962e+01	-6.899623893183041901e+01	-5.494095516174886029e+01	-1.591479428985353017e+01	1.488739469716755366e+02	-3.607161518193064609e+01	-2.232874191425582566e+01
2.545000000000000000e+02	-5.606612009633713001e+01	-7.024291901748074451e+01	-6.907878656762687797e+01	-5.498426812455065971e+01	-1.654624851010927244e+01	1.475603168627426385e+02	-3.728260913110501207e+01	-2.289977831474996961e+01
2.555000000000000000e+02	-5.607842268818199472e+01	-7.028389075962215315e+01	-6.912041663204256281e+01	-5.500603376679543288e+01	-1.685926315999646263e+01	1.469099596312749441e+02	-3.788232106922833964e+01	-2.318267384899487027e+01
2.570000000000000000e+02	-5.609725374465121917e+01	-7.034579450114982535e+01	-6.918329000267014806e+01	-5.503881419373678341e+01	-1.732540662790652419e+01	1.459424328072385890e+02	-3.877469882993872119e+01	-2.360376451011218180e+01
2.590000000000000000e+02	-5.612304792177351942e+01	-7.042913390220977021e+01	-6.926789041223543109e+01	-5.508275926869075079e+01	-1.794064823219210325e+01	1.446672289490345520e+02	-3.995120697118376540e+01	-2.415919310102009021e+01
2.595000000000000000e+02	-5.612961616548636812e+01	-7.045010685492621860e+01	-6.928917319944790165e+01	-5.509378666354631093e+01	-1.809334052749115784e+01	1.443510576643900833e+02	-4.024296956993170227e+01	-2.429698142506322256e+01
2.615000000000000000e+02	-5.615635544587226491e+01	-7.053452950613483097e+01	-6.937481258208740087e+01	-5.513805520469282584e+01	-1.869965555479553743e+01	1.430968025117367119e+02	-4.140060406520406389e+01	-2.484389533599565425e+01
2.635000000000000000e+02	-5.618382107092497790e+01	-7.061976740315191137e+01	-6.946123311944118939e+01	-5.518256856087705842e+01	-1.929887408566374418e+01	1.418590969570547884e+02	-4.254329359881838712e+01	-2.538407711587419513e+01
2.640000000000000000e+02	-5.619079792305676335e+01	-7.064119906475517041e+01	-6.948295508564447687e+01	-5.519373375339392140e+01	-1.944757477917733013e+01	1.415522341547824396e+02	-4.282664458936223184e+01	-2.551807924542287509e+01
2.660000000000000000e+02	-5.621913508904956558e+01	-7.072739396428829650e+01	-6.957029158618132669e+01	-5.523853596824493906e+01	-2.003798190852682026e+01	1.403349505417667729e+02	-4.395085170305843292e+01	-2.604994479678970976e+01
2.680000000000000000e+02	-5.624814096341677327e+01	-7.081430638918104137e+01	-6.965831396068568893e+01	-5.528355575963846036e+01	-2.062138967242268706e+01	1.391337902834601152e+02	-4.506043619392539767e+01	-2.657523616988224902e+01
2.685000000000000000e+02	-5.625549399531011829e+01	-7.083614171913551161e+01	-6.968042208714655317e+01	-5.529484328114315872e+01	-2.076615333059818624e+01	1.388359972770311970e+02	-4.533556759727397178e+01	-2.670553966096261433e+01
2.705000000000000000e+02	-5.628530089845742168e+01	-7.092389303124460298e+01	-6.976924518339821191e+01	-5.534011845125461804e+01	-2.134087721203874111e+01	1.376547209966823573e+02	-4.642708312213092370e+01	-2.722271145579393803e+01
2.720000000000000000e+02	-5.630806001677770212e+01	-7.099011960893724904e+01	-6.983625610513556126e+01	-5.537420099645409977e+01	-2.176739415104426101e+01	1.367790703803894417e+02	-4.723633454279354282e+01	-2.760637542774741959e+01
2.730000000000000000e+02	-5.632341952476416935e+01	-7.103445824282432852e+01	-6.988110870684296572e+01	-5.539698005353835697e+01	-2.204959524348618771e+01	1.362001659410403533e+02	-4.777140555775378772e+01	-2.786016024920414935e+01
2.750000000000000000e+02	-5.635457359000711364e+01	-7.112356440924175160e+01	-6.997122168060013792e+01	-5.544266953462738456e+01	-2.260888187540085426e+01	1.350539172361157796e+02	-4.883099908828067726e+01	-2.836299065897589600e+01
2.765000000000000000e+02	-5.637830845373955668e+01	-7.119075109663631906e+01	-7.003914550103716863e+01	-5.547704607705171043e+01	-2.302389663803122133e+01	1.342042498365349275e+02	-4.961654456816873449e+01	-2.873600045338259079e+01
2.775000000000000000e+02	-5.639430223807141829e+01	-7.123570378101534573e+01	-7.008458113308907400e+01	-5.550001333658180158e+01	-2.329846662203802765e+01	1.336425296816328512e+02	-5.013591865196485031e+01	-2.898273167073507750e+01
2.795000000000000000e+02	-5.642668655493606877e+01	-7.132597704906270053e+01	-7.017580057066815868e+01	-5.554606066053221269e+01	-2.384258188325775407e+01	1.325303188053876227e+02	-5.116438637650789900e+01	-2.947157180333634230e+01
2.805000000000000000e+02	-5.644307159680423780e+01	-7.137128901899470179e+01	-7.022157595858283230e+01	-5.556913804817288138e+01	-2.411214119208247197e+01	1.319797789494917595e+02	-5.167352034020372997e+01	-2.971369802022373463e+01
2.820000000000000000e+02	-5.646788266646655785e+01	-7.143946431318774160e+01	-7.029043449595707216e+01	-5.560381759927230405e+01	-2.451337735791481975e+01	1.311608567554497995e+02	-5.243090069408619058e+01	-3.007404466204904381e+01
2.840000000000000000e+02	-5.650138605073023967e+01	-7.153073021073008420e+01	-7.038258990418664496e+01	-5.565016856623191899e+01	-2.504260522514777776e+01	1.300816890915773740e+02	-5.342905868720581708e+01	-3.054924489865650372e+01
2.850000000000000000e+02	-5.651831271697435000e+01	-7.157651080771836405e+01	-7.042880620924952950e+01	-5.567338899608679981e+01	-2.530476995852913547e+01	1.295475049374371679e+02	-5.392317544541744923e+01	-3.078460951003948054e+01
2.865000000000000000e+02	-5.654391423289523999e+01	-7.164535529186889562e+01	-7.049829323303602280e+01	-5.570827225039685970e+01	-2.569497670348739859e+01	1.287529095037847924e+02	-5.465820843077719360e+01	-3.113488602833076868e+01
2.885000000000000000e+02	-5.657843125401741702e+01	-7.173745209053203098e+01	-7.059122646410271784e+01	-5.575487503416490398e+01	-2.620961724359437284e+01	1.277057902341386892e+02	-5.562688665212207439e+01	-3.159679625737134145e+01
2.895000000000000000e+02	-5.659584778815030859e+01	-7.178362251265792793e+01	-7.063780661985484244e+01	-5.577821299753701112e+01	-2.646453988750106490e+01	1.271874648070295706e+02	-5.610640288810178333e+01	-3.182557412251527040e+01
2.910000000000000000e+02	-5.662216331930410718e+01	-7.185302054559609530e+01	-7.070780884853192561e+01	-5.581326230404493316e+01	-2.684394892131448529e+01	1.264164504899236903e+02	-5.681970423635949885e+01	-3.216604390052729912e+01
2.930000000000000000e+02	-5.665759428957845500e+01	-7.194579868511664245e+01	-7.080137364461157290e+01	-5.586006752933010944e+01	-2.734431614880963579e+01	1.254003888291125861e+02	-5.775974105482902132e+01	-3.261501343319286406e+01
2.940000000000000000e+02	-5.667545180066340293e+01	-7.199228611783350118e+01	-7.084824643758322793e+01	-5.588349875509532438e+01	-2.759215579702417642e+01	1.248974278251303502e+02	-5.822507680808210040e+01	-3.283737908664384264e+01
2.955000000000000000e+02	-5.670240919118514000e+01	-7.206213087859991617e+01	-7.091865948601919456e+01	-5.591867813961214040e+01	-2.796100814925525668e+01	1.241492557847894744e+02	-5.891728839707409549e+01	-3.316830256217937745e+01
2.975000000000000000e+02	-5.673866011788333452e+01	-7.215545238797153615e+01	-7.101272085570253978e+01	-5.596563895429277125e+01	-2.844742781942350973e+01	1.231632687409493343e+02	-5.982952568388340353e+01	-3.360467986163449439e+01
2.990000000000000000e+02	-5.676606957074857007e+01	-7.222557617708778821e+01	-7.108338646654493687e+01	-5.600089600545924640e+01	-2.880824120990183701e+01	1.224323552137037296e+02	-6.050576092533871275e+01	-3.392835983518519072e+01
3.000000000000000000e+02	-5.678444389271695769e+01	-7.227238282552706039e+01	-7.113054821613177126e+01	-5.602441602487093775e+01	-2.904689369561843293e+01	1.219491191771135590e+02	-6.095284420921589685e+01	-3.414244648725762943e+01
3.020000000000000000e+02	-5.682142639335854284e+01	-7.236612072331905665e+01	-7.122498194507565472e+01	-5.607148814027381434e+01	-2.951970110451210161e+01	1.209922349204789498e+02	-6.183812307304709321e+01	-3.456657870229961560e+01
3.035000000000000000e+02	-5.684935984929860808e+01	-7.243652187050648195e+01	-7.129589260032916798e+01	-5.610681622822486503e+01	-2.987040462502524818e+01	1.202828682108117562e+02	-6.249438953093741844e+01	-3.488117519750706208e+01
3.045000000000000000e+02	-5.686807201102431009e+01	-7.248349726183121788e+01	-7.134320192248239323e+01	-5.613037784695757182e+01	-3.010236484367042920e+01	1.198138633983170536e+02	-6.292827280877992280e+01	-3.508925453399723438e+01
3.065000000000000000e+02	-5.690570319695084578e+01	-7.257753496261864257e+01	-7.143789392730541010e+01	-5.617751956501022903e+01	-3.056190267392070581e+01	1.188851241567148236e+02	-6.378742968741183716e+01	-3.550148695219344575e+01
3.085000000000000000e+02	-5.694359748579653058e+01	-7.267167106929397846e+01	-7.153266664166676492e+01	-5.622467950985098639e+01	-3.101565437696828553e+01	1.179685906388678518e+02	-6.463524332320712062e+01	-3.590854076921716143e+01
3.090000000000000000e+02	-5.695311041824184173e+01	-7.269521807650400547e+01	-7.155637014344389968e+01	-5.623647147664353696e+01	-3.112819632972188444e+01	1.177413425316972848e+02	-6.484544072372722212e+01	-3.600950325356642878e+01
3.110000000000000000e+02	-5.699131274839149341e+01	-7.278944878721739542e+01	-7.165121596666645587e+01	-5.628364368471690682e+01	-3.157481259524955064e+01	1.168398071314558990e+02	-6.567930415148299517e+01	-3.641017864314342489e+01
3.130000000000000000e+02	-5.702974539170369184e+01	-7.288373343006824712e+01	-7.174609899633895793e+01	-5.633081756266680173e+01	-3.201579860586554105e+01	1.159500650497701741e+02	-6.650218924504767415e+01	-3.680582679502127519e+01
3.135000000000000000e+02	-5.703938790525116076e+01	-7.290731083767821019e+01	-7.176982336062799561e+01	-5.634261045333838069e+01	-3.212517351969261625e+01	1.157294512730569949e+02	-6.670621669045225133e+01	-3.690396088936396524e+01
3.155000000000000000e+02	-5.707808901646154709e+01	-7.300163697277109520e+01	-7.186472753587888462e+01	-5.638977660845440454e+01	-3.255921962869318520e+01	1.148541972558766275e+02	-6.751560435617402334e+01	-3.729341885162300940e+01
3.175000000000000000e+02	-5.711698989238410462e+01	-7.309597647026225786e+01	-7.195962924344114242e+01	-5.643692900539571156e+01	-3.298779227911032308e+01	1.139903330648213711e+02	-6.831437297849868173e+01	-3.767799931073620456e+01
3.180000000000000000e+02	-5.712674480697964441e+01	-7.311956143749640091e+01	-7.198335242490689723e+01	-5.644871420196886191e+01	-3.309408840882109359e+01	1.137761257526004499e+02	-6.851242172653928719e+01	-3.777339031792450186e+01
3.200000000000000000e+02	-5.716587732381543674e+01	-7.321389403393820317e+01	-7.207822797465739484e+01	-5.649584028500817823e+01	-3.351591737095117907e+01	1.129262511709239334e+02	-6.929813810120980122e+01	-3.815196659484404051e+01
3.220000000000000000e+02	-5.720518120860788969e+01	-7.330820307499149635e+01	-7.217306496649426606e+01	-5.654293828779373143e+01	-3.393242984801172213e+01	1.120873725215620027e+02	-7.007358816772482157e+01	-3.852581318349062656e+01
3.230000000000000000e+02	-5.722489366242670883e+01	-7.335534395491467308e+01	-7.222046430388105875e+01	-5.656647486992638818e+01	-3.413871417339039027e+01	1.116720028912882867e+02	-7.045751166377446850e+01	-3.871098317599187055e+01
3.245000000000000000e+02	-5.725453387520109061e+01	-7.342603301154053952e+01	-7.229153415272610061e+01	-5.660176214245186088e+01	-3.444570020298260715e+01	1.110539758607999943e+02	-7.102870157518268002e+01	-3.898656902614392550e+01
3.265000000000000000e+02	-5.729418023296616269e+01	-7.352023410136288817e+01	-7.238623067756844875e+01	-5.664877527893332143e+01	-3.485050498109233530e+01	1.102392128910740041e+02	-7.178161485966843713e+01	-3.935001079216387865e+01
3.280000000000000000e+02	-5.732400350179187143e+01	-7.359083909711250726e+01	-7.245719822788123565e+01	-5.668400467391634834e+01	-3.515076397621165682e+01	1.096350040423084948e+02	-7.233987746818364428e+01	-3.961962255395921773e+01
3.290000000000000000e+02	-5.734392529472475530e+01	-7.363788414153664519e+01	-7.250448061000510336e+01	-5.670747515546803896e+01	-3.534936013795077514e+01	1.092354278478606062e+02	-7.270903238118752654e+01	-3.979796425886880940e+01
3.310000000000000000e+02	-5.738385805717978627e+01	-7.373190706149421203e+01	-7.259896809568917320e+01	-5.675437531441893668e+01	-3.574280757778076634e+01	1.084439342324755700e+02	-7.344017308483135764e+01	-4.015132486763430109e+01
3.330000000000000000e+02	-5.742390123118916989e+01	-7.382583004240140667e+01	-7.269334241230441762e+01	-5.680121683662385834e+01	-3.613131893648875348e+01	1.076625172190162658e+02	-7.416187747430846855e+01	-4.050030732772528097e+01
3.335000000000000000e+02	-5.743392811050443925e+01	-7.384929376749846597e+01	-7.271691679012873522e+01	-5.681291746618786931e+01	-3.622768349645752295e+01	1.074687188143632142e+02	-7.434084883197891713e+01	-4.058687591589686150e+01
3.355000000000000000e+02	-5.747409545149002952e+01	-7.394307506162189725e+01	-7.281113327999153739e+01	-5.685967881285787939e+01	-3.661012060254372358e+01	1.066996724983830660e+02	-7.505096224277245653e+01	-4.093047312729689224e+01
3.375000000000000000e+02	-5.751435147208938758e+01	-7.403673025411987396e+01	-7.290521107510090815e+01	-5.690637074549746899e+01	-3.698777448570670856e+01	1.059403453670337427e+02	-7.575196428249378755e+01	-4.126983138982485855e+01
3.385000000000000000e+02	-5.753450987944061978e+01	-7.408350717690944975e+01	-7.295219466116083140e+01	-5.692968927241510357e+01	-3.717482874615367194e+01	1.055642778835475895e+02	-7.609909283874900154e+01	-4.143793997712995747e+01
3.400000000000000000e+02	-5.756478236713616070e+01	-7.415360554380153246e+01	-7.302259748715627552e+01	-5.696463123814399410e+01	-3.745321782167613378e+01	1.050046175080904050e+02	-7.661561686621104172e+01	-4.168816118682375560e+01
3.420000000000000000e+02	-5.760520513253678132e+01	-7.424693839215740354e+01	-7.311632558057142717e+01	-5.701115085980497099e+01	-3.782035451449262808e+01	1.042665941625780590e+02	-7.729663305677709673e+01	-4.201820363359389177e+01
3.440000000000000000e+02	-5.764568818074917544e+01	-7.434011194553320934e+01	-7.320988262954155346e+01	-5.705758714090939776e+01	-3.818292465460748986e+01	1.035377934242460185e+02	-7.796899120583186971e+01	-4.234420289718740804e+01
3.445000000000000000e+02	-5.765581740932532284e+01	-7.436337936774953050e+01	-7.323324393426604217e+01	-5.706918271975994372e+01	-3.827286134194467593e+01	1.033570170605498504e+02	-7.813574636629525116e+01	-4.242507765039609069e+01
3.465000000000000000e+02	-5.769636450327614341e+01	-7.445634091629531781e+01	-7.332657462510415769e+01	-5.711550934132169033e+01	-3.862981538959035532e+01	1.026395366005010317e+02	-7.879747238965467204e+01	-4.274610570370251850e+01
3.485000000000000000e+02	-5.773695415272396758e+01	-7.454912309410372018e+01	-7.341971473133358472e+01	-5.716174405085649823e+01	-3.898234953287291660e+01	1.019309486872512736e+02	-7.945084280131020193e+01	-4.306322221320680654e+01
3.490000000000000000e+02	-5.774710734138157875e+01	-7.457228962690255969e+01	-7.344296921841933568e+01	-5.717328795446245238e+01	-3.906980001304957995e+01	1.017551741679294963e+02	-7.961289280287724068e+01	-4.314189713568974582e+01
3.510000000000000000e+02	-5.778773980959442724e+01	-7.466483608385513548e+01	-7.353585990996626265e+01	-5.721940280933094414e+01	-3.941689948982430991e+01	1.010575009764394281e+02	-8.025600324562705623e+01	-4.345420491886617498e+01
3.530000000000000000e+02	-5.782839857432207964e+01	-7.475718525800505176e+01	-7.362854260443863552e+01	-5.726541800100031310e+01	-3.975972263358696779e+01	1.003684014804670994e+02	-8.089105102526670521e+01	-4.376272947381794864e+01
3.545000000000000000e+02	-5.785890581593714899e+01	-7.482631327256406450e+01	-7.369791364157924818e+01	-5.729986205851892578e+01	-4.001407141013701363e+01	9.985712034652011937e+01	-8.136212471732351048e+01	-4.399167360020278039e+01
3.555000000000000000e+02	-5.787924870569732860e+01	-7.487233320741309228e+01	-7.374409249220971674e+01	-5.732279198234938633e+01	-4.018233350014767780e+01	9.951887382057009290e+01	-8.167371855845735240e+01	-4.414314993296009959e+01
3.575000000000000000e+02	-5.791994224903546495e+01	-7.496421233574292842e+01	-7.383628179186230511e+01	-5.736857147914439281e+01	-4.051576333591456347e+01	9.884856342890769554e+01	-8.229108731294410006e+01	-4.444336570191578772e+01
3.595000000000000000e+02	-5.796064100448566592e+01	-7.505587177905607632e+01	-7.392824135735747859e+01	-5.741424146768628134e+01	-4.084511833058060404e+01	9.818638579149541101e+01	-8.290079972002546072e+01	-4.473997753026343815e+01
3.605000000000000000e+02	-5.798099046688754044e+01	-7.510161718908685202e+01	-7.397413312023638809e+01	-5.743703453868487685e+01	-4.100828670439432955e+01	9.785830571324584071e+01	-8.320282268846362683e+01	-4.488694877505157876e+01
3.620000000000000000e+02	-5.801151273166424716e+01	-7.517012782494005307e+01	-7.404285895129463313e+01	-5.747117081907561698e+01	-4.125117398345943798e+01	9.736990079696619205e+01	-8.365235533387738087e+01	-4.510575622737579948e+01
3.640000000000000000e+02	-5.805220180810738384e+01	-7.526127106088627272e+01	-7.413428039762271737e+01	-5.751658464665026571e+01	-4.157158079016456753e+01	9.672554591589528172e+01	-8.424528063828719837e+01	-4.539445446032792120e+01
3.660000000000000000e+02	-5.809287760545336710e+01	-7.535217588221190965e+01	-7.422545398445723208e+01	-5.756188058884917780e+01	-4.188810683308773974e+01	9.608890563933763929e+01	-8.483093611142312795e+01	-4.567972071871481887e+01
3.665000000000000000e+02	-5.810304386443845459e+01	-7.537486424750176184e+01	-7.424820783854156048e+01	-5.757318587890665640e+01	-4.196663879052965029e+01	9.593093654247596191e+01	-8.497622989791527459e+01	-4.575050687117214210e+01
3.685000000000000000e+02	-5.814369576434829412e+01	-7.546546392384288993e+01	-7.433906471386121950e+01	-5.761833123914108512e+01	-4.227839558885292348e+01	9.530376515734701570e+01	-8.555295953597747882e+01	-4.603155539426816745e+01
3.705000000000000000e+02	-5.818432296713878316e+01	-7.555581413938280377e+01	-7.442966306982168589e+01	-5.766335370116888015e+01	-4.258640145376312347e+01	9.468403193486825842e+01	-8.612267546553664488e+01	-4.630928665457238225e+01
3.715000000000000000e+02	-5.820462581915663236e+01	-7.560089429913405468e+01	-7.447486395418661687e+01	-5.768581820489193035e+01	-4.273901546816205155e+01	9.437691720870957113e+01	-8.640493800689323223e+01	-4.644692391361570571e+01
3.730000000000000000e+02	-5.823506504404399919e+01	-7.566839433956756977e+01	-7.454254122026810592e+01	-5.771945586574587139e+01	-4.296622003577770954e+01	9.391964330164678643e+01	-8.682512382491771064e+01	-4.665186189033462227e+01
3.750000000000000000e+02	-5.827561966267226268e+01	-7.575816741824429812e+01	-7.463254265533467446e+01	-5.776419453767765333e+01	-4.326599168670253448e+01	9.331621209787324744e+01	-8.737946153633377833e+01	-4.692231046061860411e+01
3.770000000000000000e+02	-5.831613490674611455e+01	-7.584767755145840340e+01	-7.472227260255149872e+01	-5.780880410539595005e+01	-4.356219322998755672e+01	9.271983806119069982e+01	-8.792713927233808135e+01	-4.718960117754225791e+01
3.775000000000000000e+02	-5.832625707901398471e+01	-7.587001358794206851e+01	-7.474466200049195663e+01	-5.781993612395841353e+01	-4.363569211829300798e+01	9.257183409989478662e+01	-8.806303264286503918e+01	-4.725593583410955034e+01
3.795000000000000000e+02	-5.836671733910917226e+01	-7.595918998922223864e+01	-7.483404774390203329e+01	-5.786438196043330606e+01	-4.392750691568431165e+01	9.198412287403633059e+01	-8.860253291832461287e+01	-4.751934603303439530e+01
3.815000000000000000e+02	-5.840712921500446697e+01	-7.604809565055101928e+01	-7.492315453693561267e+01	-5.790869505361192893e+01	-4.421587210049504080e+01	9.140321736181152801e+01	-8.913560712756212467e+01	-4.777970440613085401e+01
3.835000000000000000e+02	-5.844748898298882267e+01	-7.613672747776310246e+01	-7.501197942601437774e+01	-5.795287394610249976e+01	-4.450083999077305208e+01	9.082900895191127688e+01	-8.966235640987980560e+01	-4.803705694846749452e+01
3.840000000000000000e+02	-5.845757036271153595e+01	-7.615884228848932480e+01	-7.503414154806291947e+01	-5.796389753942282397e+01	-4.457155721105998936e+01	9.068649058521064887e+01	-8.979306500804075597e+01	-4.810093093739120462e+01
3.860000000000000000e+02	-5.849786000912115469e+01	-7.624712779790745287e+01	-7.512261022957667933e+01	-5.800790677381318972e+01	-4.485235089918331397e+01	9.012050371424446382e+01	-9.031204777416893137e+01	-4.835458981971692083e+01
3.880000000000000000e+02	-5.853808976141042564e+01	-7.633513328331412140e+01	-7.521079112065579864e+01	-5.805177886610819371e+01	-4.512986223594330681e+01	8.956097648072352513e+01	-9.082492695460237542e+01	-4.860534384627505489e+01
3.895000000000000000e+02	-5.856822083326328965e+01	-7.640095218188119475e+01	-7.527673625263982160e+01	-5.808459223182313735e+01	-4.533587170076614825e+01	8.914550858071810069e+01	-9.120564054824281186e+01	-4.879152922549926785e+01
3.905000000000000000e+02	-5.858828784897801967e+01	-7.644474269324152260e+01	-7.532060875894549667e+01	-5.810642435877384315e+01	-4.547221146942299441e+01	8.887049541266246422e+01	-9.145759040057350830e+01	-4.891476785830858631e+01
3.925000000000000000e+02	-5.862837132467088708e+01	-7.653210953193213584e+01	-7.540813399211705814e+01	-5.814998374925610847e+01	-4.574251866881333939e+01	8.832513024890644715e+01	-9.195708373516447409e+01	-4.915914496877122986e+01
3.945000000000000000e+02	-5.866838500049654215e+01	-7.661918912825019845e+01	-7.549536462550275928e+01	-5.819340251180766188e+01	-4.600970281950479546e+01	8.778589809719963455e+01	-9.245077838985254459e+01	-4.940075701770758343e+01
3.955000000000000000e+02	-5.868836479795510996e+01	-7.666262062684387502e+01	-7.553886891964801009e+01	-5.821505887177597316e+01	-4.614213860363236819e+01	8.751855160423711766e+01	-9.269547952528003520e+01	-4.952053916979186710e+01
3.970000000000000000e+02	-5.871829975756031672e+01	-7.672763187212156311e+01	-7.560398631543303338e+01	-5.824747683437549739e+01	-4.633936343014208603e+01	8.712033513277461338e+01	-9.305987789334270133e+01	-4.969894720095941665e+01
3.990000000000000000e+02	-5.875814651560554580e+01	-7.681405866595886778e+01	-7.569054802347176292e+01	-5.829057598626641834e+01	-4.659969303324535872e+01	8.659455122370405888e+01	-9.354085367953720720e+01	-4.993448895626586648e+01
4.010000000000000000e+02	-5.879791499510197639e+01	-7.690019279850898215e+01	-7.577681008454638345e+01	-5.833353183334220660e+01	-4.685705106774840800e+01	8.607459222942785004e+01	-9.401631887631343432e+01	-5.016739845831922651e+01
4.020000000000000000e+02	-5.881776914244777288e+01	-7.694314969146371652e+01	-7.581982835712271651e+01	-5.835495580390631432e+01	-4.698462985743815779e+01	8.581676850788456079e+01	-9.425201174389080450e+01	-5.028287847962153023e+01
4.035000000000000000e+02	-5.884751195103879695e+01	-7.700744689561813061e+01	-7.588421410643498177e+01	-5.838702409804757565e+01	-4.717463841097274724e+01	8.543269609369745865e+01	-9.460303296070910051e+01	-5.045489365704836615e+01
4.055000000000000000e+02	-5.888709589866838456e+01	-7.709291784408766546e+01	-7.596979766167076775e+01	-5.842965513764178098e+01	-4.742547409119461577e+01	8.492551215625199745e+01	-9.506640918015180830e+01	-5.068202400978451294e+01
4.075000000000000000e+02	-5.892659435622154263e+01	-7.717809227328694988e+01	-7.605507805822904288e+01	-5.847214090964327227e+01	-4.767348205235228420e+01	8.442386264248780492e+01	-9.552454683367000143e+01	-5.090664814375066527e+01
4.080000000000000000e+02	-5.893645537766251152e+01	-7.719933942134018423e+01	-7.607635101286146551e+01	-5.848273959614339645e+01	-4.773504725375887858e+01	8.429930479419667222e+01	-9.563827031961402270e+01	-5.096241715153867347e+01
4.100000000000000000e+02	-5.897584419075522533e+01	-7.728414194212614063e+01	-7.616125134661800189e+01	-5.852504312383943130e+01	-4.797958061816461139e+01	8.380445257853530450e+01	-9.608997295368915559e+01	-5.118396111078875776e+01
4.120000000000000000e+02	-5.901514318685673288e+01	-7.736864607655844850e+01	-7.624584687785529979e+01	-5.856720039755995089e+01	-4.822138150361544717e+01	8.331494350054289555e+01	-9.653661636227286635e+01	-5.140308226747759335e+01
4.140000000000000000e+02	-5.905435060395724634e+01	-7.745285118615130671e+01	-7.633013706330244474e+01	-5.860921106838642913e+01	-4.846049112301825090e+01	8.283069502844350041e+01	-9.697827796039854320e+01	-5.161981671374231695e+01
4.145000000000000000e+02	-5.906413795158914581e+01	-7.747385569627441271e+01	-7.635116151340857016e+01	-5.861969079566742380e+01	-4.851985276720244400e+01	8.271044545687774985e+01	-9.708792569999332045e+01	-5.167363141217425948e+01
4.165000000000000000e+02	-5.910322855980884071e+01	-7.755768629446579610e+01	-7.643506941245316000e+01	-5.866151780134610760e+01	-4.875565523177507288e+01	8.223265895249420510e+01	-9.752346679772379900e+01	-5.188743232215589529e+01
4.185000000000000000e+02	-5.914222396243108193e+01	-7.764121682673261660e+01	-7.651867112984946573e+01	-5.870319760573237744e+01	-4.898885670266486869e+01	8.175995277494276081e+01	-9.795419530163026423e+01	-5.209892556938056174e+01
4.205000000000000000e+02	-5.918112268993399994e+01	-7.772444699530174717e+01	-7.660196645604086996e+01	-5.874473002115203712e+01	-4.921949622797836099e+01	8.129224914806147240e+01	-9.838018425983348436e+01	-5.230814534517703152e+01
4.210000000000000000e+02	-5.919083210190830613e+01	-7.774520755993501098e+01	-7.662274274128799334e+01	-5.875509007512371085e+01	-4.927676033474715922e+01	8.117609581066115254e+01	-9.848594764886838959e+01	-5.236009916911967110e+01
4.230000000000000000e+02	-5.922960804494520914e+01	-7.782806199898836041e+01	-7.670565492684066555e+01	-5.879643805897607933e+01	-4.950425135234257112e+01	8.071453814290610751e+01	-9.890611294334065917e+01	-5.256652432055894764e+01
4.250000000000000000e+02	-5.926828430471673670e+01	-7.791061574441596349e+01	-7.678826058111454245e+01	-5.883763839413241215e+01	-4.972926592488237674e+01	8.025781313713994791e+01	-9.932169833463906627e+01	-5.277075086582615171e+01
4.270000000000000000e+02	-5.930685966976910350e+01	-7.799286879104789705e+01	-7.687055978015254709e+01	-5.887869103311754770e+01	-4.995184102455036168e+01	7.980584749861195348e+01	-9.973277272675461802e+01	-5.297281117942343087e+01
4.275000000000000000e+02	-5.931648761145942927e+01	-7.801338509580352820e+01	-7.689108635953550674e+01	-5.888893111672644665e+01	-5.000710789019220925e+01	7.969359137066621201e+01	-9.983484609769529072e+01	-5.302299137391973005e+01
4.295000000000000000e+02	-5.935493526553914023e+01	-7.809526238534940035e+01	-7.697300271446005127e+01	-5.892979912873628479e+01	-5.022668469735156549e+01	7.924747388982981988e+01	-1.002403767594963853e+02	-5.322238860064133092e+01
4.315000000000000000e+02	-5.939327956196328273e+01	-7.817683925616532292e+01	-7.705461307052071618e+01	-5.897051947912900971e+01	-5.044390296537925167e+01	7.880595567955701597e+01	-1.006415470184913659e+02	-5.341969046844680236e+01
4.335000000000000000e+02	-5.943151951658290244e+01	-7.825811595364712048e+01	-7.713591774841071924e+01	-5.901109224207215220e+01	-5.065879768331528510e+01	7.836896766773897127e+01	-1.010384218753661258e+02	-5.361492761951573982e+01
4.345000000000000000e+02	-5.945060007581571426e+01	-7.829864183314379034e+01	-7.717645557678508794e+01	-5.903132331079551420e+01	-5.076538448311742968e+01	7.815215124354416787e+01	-1.012352685240265942e+02	-5.371178136065376663e+01
4.360000000000000000e+02	-5.947917133349042729e+01	-7.835929017249311812e+01	-7.723711969987223824e+01	-5.906160081519413296e+01	-5.092420095052978724e+01	7.782899995248421021e+01	-1.015285706347204808e+02	-5.385611654366629608e+01
4.410000000000000000e+02	-5.957397506466189441e+01	-7.856023626778653579e+01	-7.743809559109887175e+01	-5.916192787075662807e+01	-5.144453915247823517e+01	7.676946613442365219e+01	-1.024895217705479524e+02	-5.432918653572136236e+01
4.480000000000000000e+02	-5.970556243812475117e+01	-7.883843301519137015e+01	-7.771627999034865297e+01	-5.930084542208579279e+01	-5.215038499889369206e+01	7.533020468994835994e+01	-1.037930304275809590e+02	-5.497135518889633232e+01
4.550000000000000000e+02	-5.983580006272767804e+01	-7.911300686048494413e+01	-7.799078089289322691e+01	-5.943797705259023445e+01	-5.283103110201817287e+01	7.394002739069804875e+01	-1.050499606897070493e+02	-5.559109053602372086e+01
4.625000000000000000e+02	-5.997382200017941756e+01	-7.940321297140684464e+01	-7.828084407987444138e+01	-5.958293962066300509e+01	-5.353375322363228861e+01	7.250224111951510508e+01	-1.063476071692583531e+02	-5.623144561237690908e+01
4.695000000000000000e+02	-6.010121258272654643e+01	-7.967040069407792657e+01	-7.854784122828804982e+01	-5.971642434567084479e+01	-5.416610368217367011e+01	7.120611771508572474e+01	-1.075152450023325201e+02	-5.680813527419046949e+01
4.770000000000000000e+02	-6.023616268603763757e+01	-7.995279292901160773e+01	-7.882997057176683597e+01	-5.985752478734706727e+01	-5.481970428321309896e+01	6.986399663712275299e+01	-1.087220419583668019e+02	-5.740467257138914903e+01
4.845000000000000000e+02	-6.036951741490942425e+01	-8.023123078448840317e+01	-7.910808590671608442e+01	-5.999666776857932859e+01	-5.544981100595866508e+01	6.856764199318193675e+01	-1.098853632870887367e+02	-5.798022576572837750e+01
4.920000000000000000e+02	-6.050127908999816384e+01	-8.050577892415600445e+01	-7.938225595230011322e+01	-6.013388348876460299e+01	-5.605762277194141063e+01	6.731473153014302113e+01	-1.110074014434960503e+02	-5.853584908968644385e+01
4.995000000000000000e+02	-6.063145422068394197e+01	-8.077650505029252770e+01	-7.965254875449173255e+01	-6.026920378494195063e+01	-5.664426409396100581e+01	6.610309035823516410e+01	-1.120902187915584420e+02	-5.907253128831146682e+01
